511365464 383691469 41553466 105430845 652744955 14536706 710390470 357596986 900000644 323477809 401397567 600821550 977292644 264986745 668576127 55732851 958061118 579149586 844954852 546086702 440274793 257122335 529560258 676210104 536503811 650367455 859976196 96684590 88932830 792971571 940461680 142191024 763386760 774428695 171015062 572339560 43463497 285359381 603890302 90949891 650730058 67802827 870659705 551885482 449288729 201157411 339762256 47209758 608529627 113109101
346308819 702331502 562049194 625369743 154040383 193772803 151668483 515349815 856300596 661279798 567870638 552964328 206288666 320669486 687364810 882065613 930521706 393809844 847032886 746404287 378212382 298255512 719404139 657878916 322383411 743397457 398680079 603362311 572690488 565666828 137678066 426198751 121685902 722138410 731865662 594649573 20217065 311327714 135040410 258355448 67893009 922653950 672823675 824311115 232354427 646560932 711619685 416421493 950269405 91611704
574794779 457086858 195791132 255745305 223270624 738908232 484746975 775076397 756569270 129422005 677525121 435174923 959793056 149554663 104052151 872957216 637918127 194531120 684400339 192461469 664687323 10358083 211533236 680684118 18184540 819579433 996767497 347196134 393828490 375739078 802869010 355052303 587358898 923148798 440801233 865281995 895962441 341706787 576488751 517676846 843375204 497602501 766569965 547206990 116097923 181389840 84641619 22910592 372189941 959553055
813122228 743473548 560468243 652917580 89088518 467406114 375017278 893438419 500905551 325668986 784432863 282321663 137632376 367405554 808798358 863225818 683480933 990608210 616887154 28045141 879864066 30816626 869366511 402019123 919701345 482454554 189226779 672894314 16936702 447434839 941558839 961868219 337670741 784789473 503786707 106168664 144440502 89395171 836067242 590896033 122014925 372695990 290766400 894829426 419168563 692557690 627830851 30458689 129101571 117856280
959855687 281013934 572518426 735606200 932345227 407269141 322879075 234864852 446666304 828712539 237959190 682993959 71971706 922203483 269512111 408056572 227639735 839874728 502219061 666464536 346486984 307900472 664234737 521274739 746536668 713014555 880160331 166963997 518044033 642943951 530830115 444997146 73983965 692167312 235573197 76753948 271526765 74839418 829527706 420425154 71779938 745259693 944055988 603834027 8100437 730642124 617419941 460595914 193144216 223254795
263693298 462025829 904872396 60621105 503411923 620900615 507764484 683001311 120298559 353036942 861069281 348518396 476930876 428643818 391984299 231915581 263507635 154007937 281659758 762251352 765917069 484204459 73358048 773004897 307507597 183978077 413525562 773735104 210590701 968606225 957346197 493597962 52694362 758604138 283549922 499774436 364124853 907518957 616909302 453924619 43349414 96358774 945546431 997654752 180540687 391446000 399754331 869970961 734620066 329477569
233099859 241907610 39288919 617744618 681246693 106333170 540684511 870288698 747239165 944259548 177527658 765964753 59313668 648539437 880806582 45959086 961943245 861772623 920444424 834172776 912468827 408835886 108051676 184561495 928762135 343537224 823474104 460509027 72870537 46323143 397810630 65807617 270245702 991010045 924673529 146173739 865863497 805170744 165088246 326161265 384323252 52877485 574639292 784652729 813940110 280295783 92769661 41895363 18266187 583773070
826629550 578457971 760511798 404459636 202919111 936485982 630532852 678903614 923873698 166027241 21228285 192159018 710823299 432739906 639904097 417547957 418052008 556233542 263428377 606506677 589933600 234709076 795786256 572514842 34085742 845401776 714111455 225980984 382121567 139525427 769663575 105213601 674773389 149409388 748923822 813395982 992801391 629507277 425852705 56712314 467377634 186740648 126761379 452147256 891645340 420524755 722076237 345986448 594814604 422974745
388616296 694553101 793677915 322125420 744892763 801878482 131751277 544427538 566363603 984647588 435500717 889758920 215891500 652325082 539414929 390260645 829923559 39674043 747068677 259736805 250890107 251862892 579085231 313795709 220642090 92364824 210973065 929627411 956864793 207973891 779851200 248803265 925559835 938577432 604688310 531250263 197222859 752476663 864624953 210449261 439482580 706875451 331061106 700703000 950851424 395371308 55040299 147332713 646489667 236917103
354902230 920386373 576569745 684973751 713755822 68146346 502928829 328476448 892977943 2289217 184589526 847976368 790870482 353148386 522611883 990073851 577231467 417211535 887376596 74949296 125416541 70774521 590193946 109595734 131140032 911877180 559374075 192919679 201689848 976184279 609247653 928407731 390025622 623408840 446883589 655750759 603187394 364307318 623199013 899291704 741749301 433922483 263268797 874547731 499176994 861869307 116897405 708861234 900407179 558031678
91148040 372916855 32646421 198641255 310277804 601935548 825249839 368015827 538607595 158254596 741468095 515316143 180338941 106672274 358544530 967300096 643579248 382561361 32208267 273698466 410300936 915165560 959731565 335390402 621166264 424609938 305220226 592087314 441528489 349616677 757634887 736955053 403105931 595852119 849969990 883915554 803444338 504934739 379189086 663443771 873629686 559954530 345986762 995906850 816288159 266568167 718752313 51737727 93064341 694821646
616190638 671255369 684859676 48298281 986167511 9237760 460333027 413452867 77295462 467043796 996099551 227939424 967852016 975436390 269546728 894785300 288676035 445899982 826888235 727055342 65342236 852601230 612055853 182704942 694239329 202467579 743360504 254161217 592114312 20242267 724642151 828167057 397405996 304313419 82721077 579801616 414338032 329879403 972872980 393719949 91130129 822958959 85197208 840927793 452588989 849704786 277376828 220681910 971306873 886975138
677473188 957550169 709658697 281491295 568151731 165457701 136442669 982702075 107553877 52858116 913090940 520261113 967140272 592737586 90608511 113344760 483278937 593712709 983246579 275875491 996568912 91871376 205235048 517726340 330407686 97556599 151608583 308681144 323377148 702378590 586040783 242894280 825361702 242128371 317159259 102163454 140469384 43724961 733953467 16758434 847976377 474427277 304924649 384696181 712458826 7600675 354047053 492151749 29931531 186245916
28152741 349960266 677366912 867253284 90403059 216559595 573573774 227779293 572512494 654947802 800577567 806307050 670085871 554619345 237797343 965886896 190993682 55209933 409636441 352591375 897669332 120005319 281772799 36533685 752258204 788685711 413447333 366367084 674373398 150358179 82132770 691129242 188414442 310427093 368610192 15973778 125175178 348603212 177474416 273316247 153737758 139756501 687151581 709396724 965855005 700769976 633578136 288126414 133679229 874748214
213737182 539778594 135409031 997207591 135445947 768608276 436018320 609038201 418108190 806097376 357034865 639691275 883282953 301455708 241056398 377036589 993459739 965642404 829531092 59496415 850690957 777895045 991843900 320310121 372189694 684507905 13873885 697069405 685300482 663625369 655050474 690991660 662860330 766519888 944542865 182994793 555386520 486872008 374801875 926362327 583007554 335805237 182635101 473476099 157968889 418026840 727441882 369526983 876438783 223821799
61816201 489030499 509156253 779554204 551697418 743868797 401133013 875118392 133320605 535246196 585151461 369128648 743878455 827379720 315962053 537150543 616677168 116632531 903559465 534710574 181692497 680886261 712896810 68750813 206285293 162300548 25606782 84548885 614469021 313688207 31539218 384414547 56276460 351403714 489285542 77936653 22918632 932225588 462969353 61555192 142492295 207890526 640178616 891997478 206511372 126580831 37157066 183006066 968870649 190712768
749502039 419938410 953282459 502220764 91910346 964066646 827957695 836728617 637304542 971946593 535259202 360590219 316930158 815203128 274892987 339894337 933892596 289192219 761345599 137415532 350902998 412956459 640512893 913561492 514869275 967269773 796397795 439590462 154299191 468129476 845459557 742963625 384638629 9809129 153408989 216017354 401095549 617341197 526298352 155893109 308820593 561135031 516333358 651664839 266813779 293246211 652903513 37925576 713588325 614930681
391860201 714216601 357462010 224953958 125361424 44297153 975536394 177780172 933014081 517151110 538568489 634228830 373844624 39229490 459765277 166655862 160538689 930163083 417071200 704105321 768865217 177143065 164619252 604103359 621998302 77898000 114013887 129367605 76022395 687902941 996508207 693599978 850190174 50567544 962938255 138110889 834889201 891941814 213291797 927947161 233977240 820949098 724424007 765576873 944575596 90608191 418408060 830179151 262575609 968615741
666202286 743754033 963718664 823209099 446794355 355012357 687524640 911495218 165598107 80609755 696225649 553170705 668342741 913254987 376089913 294151771 554950771 343676508 607941294 826474364 521125172 149151849 870783432 873702561 419715310 685681901 809995621 564291661 240731308 233071557 115241727 815255454 408584369 755639094 288321369 355418606 863819597 757069159 166375965 86087668 780845332 392220743 190180342 848645673 32042007 265381709 906042492 358997709 975591990 494281488
139905141 24137684 11266354 840741726 489010158 633114156 360240608 745643698 23866301 796467490 188241369 689221 909180547 723500909 515692008 941739898 407079443 79029049 457402146 874594805 745527621 575605765 601529135 912856307 615726326 964573611 1855583 688447356 46941218 253885763 582274134 841145195 16038778 828016252 16867956 600885204 830667796 176494274 902033530 597267681 61813229 382006830 886338203 478703461 501988778 62867999 159655717 692284611 330909593 613216156
634504007 612151618 757772956 282471750 897231488 46647788 559937937 368898125 415940321 401348622 918264433 564919057 416818658 757538384 335602959 494330331 804325259 364578225 810472730 33942019 946616904 222121619 117395258 146653851 306626395 307819654 457487987 299291954 366090080 442405919 426413786 820961256 323869740 909485390 605486329 872309056 817634241 505637092 100322173 645851595 57128989 905450256 240524172 326700423 943522468 602134244 418087971 497128491 665796397 262876230
330717876 375018899 589026197 481483518 695992031 549690933 310523810 550997443 156698426 928231338 660679618 466492024 562855761 338385307 691118983 837323767 410638416 408954916 512596996 914419240 74813763 122562294 458448592 567175144 748494100 279040610 312658719 159207288 639757841 588450541 858451170 423877120 143229659 870790058 612876001 490237308 40422490 648837473 30955606 801723429 547730331 708448167 292208286 140864020 669043977 597122117 595593940 353632690 959584462 321144531
235077698 269994268 146325458 184308592 864993513 113894603 516801251 289236896 884299494 763000481 96276258 959858672 866011171 368258677 666775992 634766722 637375736 194550785 505961870 203168369 159308031 915755241 551996819 654926012 918041756 650213684 71906929 206498570 892003872 995505914 163191014 456205954 186328093 72766800 393724519 502460644 243663277 487489811 286979020 35614078 113952612 252763235 313523154 920480756 982821451 320759376 758397366 980471303 792919508 678961879
997923965 551162482 874348573 935573929 491619928 54110169 980303506 278114459 761446632 422683797 362093528 425684546 542776451 485569011 959891742 649732084 138079553 306772301 798855915 232111813 32808978 961648628 358645439 22472568 740468333 574273400 23570112 184052884 799752493 924052360 531667747 465988923 214855047 414278761 128321216 254731440 267517225 887483620 33932745 209446846 534336646 742568401 570966299 639415916 654267114 810057311 171067818 234121116 939198078 649090276
621707781 697735094 946008723 733488884 795833228 138145987 835190046 99032475 981778048 852590648 738241902 665110649 945958332 138245920 238847466 800587417 171146372 37600637 954570475 332767276 89005289 805206837 931465800 147549575 720339926 450273743 339765811 38591440 505656085 813792884 605665116 279171057 264538048 635340081 990911978 571130812 22636052 80168511 502723660 233084119 32949875 61647135 924574083 953468955 745197375 432355050 441985350 244147347 453870591 337889386
524620558 816036073 215659989 364419096 112325299 27688317 40219369 514736567 788719456 599009044 301525577 667269259 504720804 753349477 454397999 474699189 128475505 578143797 887571521 961111131 767660301 562124349 900161537 853648810 845887560 125640612 712289510 930763343 580614216 274124953 585944245 500207912 660207198 557277128 205869516 678659494 827879262 735637079 208706957 321068144 643103015 390038603 743131387 891646130 143189403 725347994 142203104 179224640 580268433 285276224
978501424 757911912 568623956 673815932 972538784 209656613 366243431 957467621 157079762 700598442 202393401 633969238 15494302 306711761 346907474 116718565 376181829 956805386 274680185 270419190 957637548 861799893 179767705 49999567 813785894 870784105 344562743 208630398 615430493 174934092 900373683 522908796 246608355 471588339 868561293 491516995 545514473 455965208 802455387 213127761 335799846 436581120 469672313 674496694 880026890 66401562 170884121 997651326 382958984 576742820
746072946 840221591 610033693 620156330 771940157 529556964 515209094 379843392 544983253 336939049 832312510 931036636 256238794 936654603 786600081 402805210 355868943 423883723 502481553 756084368 170073837 745341850 385452261 750912886 608151456 973501389 322954296 424110702 235352968 141829450 232252993 988138034 7939119 810264046 51270524 166722725 528346072 435545920 190386100 233106597 50633245 135777659 767341656 20653125 668174543 282462293 597907883 744486986 460242394 503201416
36493223 86168465 849216808 909195722 270503844 812711037 771392040 4450898 475874582 588287565 154410431 148692726 592182149 912245076 763117419 444049986 852051350 219956302 335523079 573683299 415052375 317192617 792095886 567314476 689928044 42095724 192673800 393862998 948882973 522103663 546682834 123629507 574785431 295874982 443511644 556063152 368608360 126679322 777303805 594552224 985944254 191168416 471988668 415758004 978686676 522222614 778333798 731497508 434439202 669142519
210432401 17842689 31344441 737975381 129027526 394373906 443311158 738216992 167386126 644616968 744115105 72276469 568311810 574322862 484329727 644053733 421976513 482495409 695878936 79921593 204000528 783802352 70361764 737878706 565648383 611401078 732378032 745413786 833593099 495433065 565301911 730925492 21023495 481478445 384075566 253090618 922273707 630470515 802270106 477934243 245826909 805956236 956323408 105346619 733872826 930782529 805294850 47602218 81014686 25556389
175719257 217193120 648298026 163748862 17346829 403360229 496617425 117348088 407698970 5726245 880075295 210617743 1669985 965596462 796888768 476855416 557323567 59629260 455605177 401157908 139823850 260839145 931360611 811535026 711650553 365669468 923658829 159909409 74323944 378199339 477986412 677942836 486602059 30701116 840775667 172289298 827244238 976939106 163873588 183105672 626643601 540980281 522056826 104074413 68157430 932192075 645388476 221243448 702934907 398194887
650404542 115551822 994768196 557102255 553035093 394367498 854960505 742231666 409239583 416541172 846848269 194891628 195735575 716651417 949573989 801100566 267239472 419523793 639371512 303528445 69704381 392163419 179364831 521373401 251653530 605023938 611837061 43490366 654428487 753297542 282536530 286053565 559743794 746257954 4535713 565016015 232771988 992820033 550493268 40069650 316881413 776230276 111861809 685158731 154717521 579084575 699600668 79066464 61376796 298583969
797128523 512010247 656137626 877593052 533759984 922820083 283170015 158406334 517310283 251728633 416262478 907110577 441981381 119135008 887118586 232686052 74620309 917408206 69616412 994352230 393960700 302259968 713320739 22164922 142293258 765477032 664615912 962833009 200807126 351654594 900375676 384552665 987551890 663022836 877668380 621764284 428271219 704824888 281740244 84285538 483736320 624909483 493873783 529297541 701067685 983065567 484940144 545256463 301813977 810008649
53949313 197310239 36308334 733158834 282069378 270395754 902518410 21016512 70261986 145383122 567861098 621347921 317081086 124553338 369733369 419590655 803083782 647832386 250590047 739055401 557666408 579256476 199821591 344137909 699929233 638192500 644990064 534768581 378191486 202852477 900216143 314777602 449340085 554052411 683937814 651512625 862400340 790883867 109012932 406664420 537697111 723827106 671331922 703456524 589967726 819344060 497893144 573218788 469862407 434921519
919809547 619466585 558468554 684644209 954812946 683462664 702262064 580704092 822031024 454260375 862560872 539931670 204735439 924287528 548342989 100532390 416923170 417835846 221142398 416187731 336164529 37961929 216547086 947768887 393520534 413490540 230156996 547279482 732186040 762786534 76310160 183575677 760223588 509958693 9314084 662382968 546083499 657226002 585762717 188942297 117747331 83993915 894857853 630917804 434292119 639975352 178691413 142922805 1535893 413602055
413923767 721902465 40918368 124327360 848330713 448757310 761929941 702372413 105705484 272480658 956125790 649887369 352845775 89230387 790221113 621725239 59350824 678591537 168674801 60461720 613583576 133643596 129694893 450491883 494195228 672345392 383864664 417756935 84166770 827821902 849327783 651705986 123089778 650612816 251702721 255708768 277073427 798841876 574620276 256582524 912387582 170370488 30096242 669191195 153986173 789623030 322732495 800856100 882862745 620931604
285379164 966704109 79883617 814731172 552326846 572066955 783622413 194573127 859142288 626210156 580093342 435736798 420735043 994458516 386851956 195114868 199717265 873432214 627629227 141439274 901852576 606485879 408500706 477952728 459230848 495670033 752748967 830816776 27710750 448056164 186007338 647158335 911126155 648260424 314540020 969656590 674324101 303078694 317951942 377876543 139895836 869266833 750287432 848418930 989151464 441488651 742366940 404877171 382044344 570947873
55135668 602349328 702963314 644424343 218597075 465779342 461721846 27063527 109263539 484847132 247028733 372590539 785460171 242300388 511677713 333523223 132413089 302855600 123361282 36576991 729425248 8924164 183861956 87243344 848483904 230695935 684582457 124227868 853581599 791820634 575124807 225276327 80416365 859326519 40044805 66412868 825965011 354776431 653684175 333223012 881150348 943248486 785220866 893902421 232823381 678067303 204559482 874146602 513366759 452797830
511829985 480116369 549412927 874260973 158364382 701616788 408359906 854542707 273303354 501640070 333519374 604900555 311728068 12897756 670310828 260631336 704571502 244761222 387973457 427478438 702942108 273594368 731615460 871969622 210394015 802617175 747767101 659988463 716472055 349245966 150460203 229884195 294096232 747112172 92134318 240267184 372405026 899550797 918364357 240215402 377778597 92055170 272822771 282706477 360600247 232263941 665094546 240946483 773200083 2047996
821660246 783757019 197338048 966872931 840699235 615274788 804186582 420122552 550067262 983499369 81562834 687401931 581396334 5877389 811665639 60913644 90735641 970466669 295273760 730484359 216646234 147835937 461483782 221767141 597542502 732983961 269911228 66869121 495045197 75083657 604325106 445892765 43629783 921333188 490495159 407533094 794983578 441874515 156361542 831233672 404793724 302060233 905616345 244680308 777966478 186797449 853616344 83311040 372659735 312629951
686860858 155070913 626473417 133151559 834816220 184411692 726320077 716558521 742474188 264598773 641396304 774671147 222436745 18086526 177766173 162928554 720821825 858531182 212786168 60188835 432067052 984559573 901059531 412653951 437001406 863646827 937375193 707463547 742971747 853340980 949892972 747814022 340541605 230874541 345611139 680961248 100923881 506984166 597476690 994053610 902531503 28525468 355650092 558092617 913965916 782041663 381170292 741464822 703333814 946487847
324775351 184195660 509512327 934182538 622198174 618204862 893416119 302120723 434489790 516805223 255198032 377186596 558336158 239702196 940964509 803182500 642462969 222672379 347510725 912231186 689000853 404690674 930116027 312364110 807449467 155410978 830903525 958093929 593742571 382115116 104430466 619969674 103752899 269335267 488917484 678425575 864878768 523166405 298142530 886618871 717103257 793316836 895043110 283594801 831415306 417931337 296566151 395193995 811996443 183311364
536042740 623336171 272474688 735670707 802931493 444320432 322733366 159534024 83400286 51111604 847840747 59636237 919103791 212462814 634416233 3691922 13941089 811933229 97627357 85895461 597955098 880943328 285106998 560930191 351711329 744736634 113910772 686518218 774058992 779620665 98125977 89337613 418760537 917650841 727454530 365452200 452737450 967782180 733972587 937933472 229813529 112533899 292060041 458085224 683320926 241061446 879795846 411588305 373223128 82414918
298287524 955151773 670992512 128941902 792540421 203954021 777278583 195422341 143013362 716233719 347439195 52036270 87540226 424276534 805303031 107856573 131309970 205580095 481866964 635946184 874451617 934855218 435066899 552760701 350949948 793152034 532494894 434972182 838873997 657754719 828475145 547645810 596468968 694367400 321784822 369181238 483553187 178328187 689915519 44237209 106725642 617181082 839455777 214343733 898975310 757020642 842860031 335804261 595465807 188960687
962520659 414949263 233062656 670914964 608979170 63636008 712973449 362156691 282832503 899439728 542791708 492873692 934905743 309662559 286611724 353123986 297118259 563968556 946860599 970526698 32089908 165156363 503832189 118175003 230542218 294965926 578541819 255096190 955811979 595840616 936961329 71591156 570357099 206378530 598131087 201783683 600475949 898971648 53729612 16289322 312175401 667321773 321723223 175300398 97962434 859845024 127499469 685898578 11236197 344165558
816718719 809402221 854820961 886475341 527939484 521167369 893358154 555129835 929916317 237784475 679493902 401802122 170360075 618624110 405133697 831049042 651651173 621379762 312853667 762578632 867881037 100774289 958961610 180175988 373088083 865373879 77059309 102827849 449417905 356588277 23219586 826618944 969648281 377626757 909019886 518819665 364544379 58631304 546932278 2041556 82170999 375871649 451197180 175890189 522396032 37736616 967167932 408885392 222325216 790251723
756082956 45067080 324947030 186624812 400974378 590319928 415528388 138342354 857216291 375887850 28545777 731876172 311923006 182577537 417716547 377292944 212525780 517590082 240931388 185158749 754746742 180749977 325336785 544587929 171267386 153495465 159924635 468355531 342445586 954549722 105101819 19372824 288185049 973492970 77482757 826805478 769319048 635119085 997881539 658145154 505136759 881260004 723272283 68859844 481874520 255925022 641145264 98622868 507335793 238732829
76724068 166370627 4016640 353389159 270474482 43022136 874686992 136963218 683053046 798366357 426793149 448358956 578988465 429558496 296533054 391708087 281303290 513500433 128360242 511235120 658464403 47869340 929219679 358678331 847149998 357793942 194103570 160478246 902172028 898362011 833044778 925002689 763892612 109096643 339763479 628400237 546474892 841657520 152291402 653912127 238127269 19306474 868950769 409232002 798870943 753598902 630352471 571353872 17664688 844451576
688410007 270698469 89741116 52701321 312440935 206693876 455033609 809788466 118091731 894861609 400268215 61322987 979212659 852447997 210254400 613212201 129633654 223416120 152402248 447885929 126458940 59329388 408920878 968196947 469794903 191064656 61361202 511131242 835644180 865253347 593792531 442414948 582766619 483244934 197102461 206261400 15058524 294809462 594674109 470795666 4995773 710666142 578596899 415615592 810360394 82990758 199958612 190613922 483628079 156727671
464762127 797613357 613609336 150561173 237122092 247043934 231611292 225231815 190175049 270388018 767155861 263682843 996277888 478583357 595543834 316558928 833754201 582840148 715873547 382961477 807911324 122137728 624656955 174315380 872147255 746347279 178985582 212307944 770467858 748426425 911052262 795120519 386068196 938965282 367710266 954665384 109608195 888783742 18326997 540662970 750559621 69470730 816914504 921031472 403006178 582841440 272135948 127549826 548522959 947563410
684259126 611754479 819274488 46136870 746049918 527796560 436051161 988995744 845243870 792565037 884362496 574901507 770131642 717021931 241385633 202305213 609692937 72534653 89028809 868791859 595092235 447807373 542973199 251397639 483947004 126520701 782927613 953058361 689398902 981018008 58122571 76798684 824238787 871445484 714779570 797186151 19459543 793721565 229913766 535428552 122798718 939910930 951410247 598770280 131974129 142814032 915517554 880778161 421343641 13036917
