No
No
Many
Many
No
No
No
No
No
499122176 499122177 
1 499122177 
0 499122177 
0 0 
0 0 
No
0 0 
0 0 
998244352 1 
No
No
499122176 2 
1 998244352 
Many
0 0 
No
1 0 
No
No
0 499122177 
998244352 1 
No
998244352 1 
1 998244352 
Many
No
0 0 
1 998244352 
No
0 0 
0 0 
1 998244351 
1 499122177 
1 0 
1 499122177 
499122177 499122177 
1 0 
499122177 499122177 
No
998244351 2 
0 1 
0 1 
1 1 
1 1 
1 998244351 
1 998244351 
1 0 
499122177 499122177 
0 1 
998244352 2 
No
No
No
No
No
2 0 
0 0 
2 998244352 
2 1 
2 998244352 
0 0 
No
1 0 
0 1 
No
No
No
0 0 
Many
499122176 499122177 
Many
Many
No
1 0 
No
No
0 2 
1 1 
499122178 499122177 
1 499122177 
No
1 0 
1 0 
0 0 
0 1 
1 0 
2 998244351 
0 2 
No
No
No
No
0 1 
0 1 
0 1 
1 1 
1 499122177 
1 499122177 
1 2 
1 1 
998244351 1 
0 0 
Many
Many
998244352 1 
0 499122177 
998244352 1 
1 1 
1 1 
No
0 499122177 
0 499122177 
No
2 499122176 
Many
No
Many
Many
Many
0 0 
0 0 
1 0 
998244352 2 
998244351 2 
2 0 
No
998244351 2 
0 2 
No
No
No
0 499122177 
249561088 499122177 
0 0 
1 998244352 
0 0 
1 0 
No
No
0 1 
0 1 
0 0 
1 0 
1 0 
1 0 
0 1 
1 998244352 
0 1 
Many
No
Many
1 0 
2 0 
2 998244351 
499122176 499122177 
0 499122177 
1 499122177 
499122177 499122177 
No
0 0 
No
0 0 
1 499122176 
0 0 
0 0 
No
Many
Many
0 499122177 
0 2 
No
2 499122175 
499122176 1 
0 1 
1 998244352 
No
No
No
0 1 
No
499122176 1 
499122176 1 
Many
499122176 1 
Many
Many
1 499122176 
1 0 
1 1 
1 499122177 
No
998244350 2 
1 2 
499122177 2 
499122177 998244352 
0 0 
499122176 1 
0 1 
No
1 499122177 
No
0 499122177 
Many
0 499122177 
No
No
998244350 2 
499122175 2 
499122177 0 
499122177 499122177 
499122177 499122176 
No
2 998244352 
2 998244352 
2 998244349 
2 998244350 
No
2 499122176 
No
499122177 2 
2 2 
0 2 
0 2 
998244350 2 
0 2 
No
0 1 
No
1 1 
No
No
2 499122177 
2 1 
No
2 998244349 
0 0 
No
0 0 
332748117 332748119 
Many
2 0 
Many
0 2 
1 1 
2 0 
1 1 
499122176 1 
Many
0 499122177 
0 499122177 
499122177 0 
499122178 998244352 
1 499122176 
499122177 0 
499122176 2 
No
No
No
No
No
1 499122177 
1 0 
998244350 2 
No
0 2 
2 998244351 
No
No
No
No
No
No
No
No
No
No
No
No
No
3 998244352 
0 499122177 
998244352 1 
1 0 
1 998244352 
332748118 332748118 
3 998244352 
No
No
No
No
No
No
No
2 0 
2 0 
2 998244351 
998244351 2 
No
No
No
No
No
No
Many
No
499122177 0 
499122177 0 
499122177 499122177 
0 1 
0 499122177 
0 0 
0 0 
Many
Many
No
Many
Many
2 0 
0 2 
Many
Many
Many
Many
Many
No
0 2 
998244352 3 
2 998244350 
2 998244352 
998244351 1 
499122177 249561088 
998244351 1 
No
0 499122177 
499122176 1 
499122176 1 
0 0 
0 0 
0 1 
2 998244352 
1 0 
2 998244352 
665496236 665496235 
Many
998244352 3 
998244351 4 
1 1 
0 2 
No
1 1 
0 2 
No
2 0 
No
No
No
No
Many
Many
No
2 998244351 
0 0 
0 0 
Many
No
Many
No
998244352 3 
1 998244352 
0 1 
499122177 0 
No
No
No
No
No
Many
Many
Many
Many
1 0 
1 0 
0 2 
No
No
0 0 
2 998244352 
998244351 1 
Many
1 1 
1 0 
Many
1 998244351 
665496235 665496236 
249561088 499122177 
No
1 998244351 
0 0 
No
2 998244351 
1 0 
1 0 
2 0 
2 0 
332748117 332748119 
249561088 499122177 
998244352 2 
Many
499122176 1 
0 499122177 
1 0 
1 0 
No
No
Many
0 0 
No
499122177 0 
499122177 748683265 
Many
499122177 499122177 
748683265 499122177 
No
No
2 0 
No
0 0 
1 499122176 
1 0 
No
1 0 
1 0 
1 0 
No
0 0 
No
No
No
No
No
No
1 0 
499122177 1 
499122177 1 
2 998244351 
No
0 2 
0 0 
0 0 
Many
No
1 0 
No
998244352 1 
998244351 2 
998244349 2 
665496236 665496235 
2 998244352 
No
499122177 249561088 
Many
499122177 0 
499122177 499122177 
998244352 2 
0 0 
No
No
1 0 
No
998244352 3 
No
0 0 
499122176 1 
499122178 998244352 
499122177 0 
499122177 0 
No
No
No
No
2 0 
1 0 
249561089 499122177 
Many
Many
2 0 
Many
No
998244352 1 
998244352 1 
1 0 
No
No
665496236 665496235 
No
0 0 
0 0 
2 998244352 
No
No
0 1 
No
0 1 
No
1 0 
Many
Many
998244352 2 
No
No
No
499122177 499122177 
Many
Many
Many
499122176 1 
998244351 4 
0 2 
No
2 0 
998244351 4 
No
No
1 0 
0 1 
Many
Many
0 1 
0 0 
0 0 
2 998244351 
No
No
Many
1 1 
No
2 0 
2 0 
499122177 0 
0 1 
0 1 
499122177 0 
No
2 998244350 
Many
Many
Many
No
0 2 
Many
Many
Many
Many
2 998244349 
249561088 499122177 
249561088 499122177 
998244352 499122177 
No
249561088 499122177 
499122176 1 
No
0 0 
0 1 
0 1 
665496236 665496236 
No
499122177 1 
499122176 1 
No
Many
0 1 
1 0 
1 0 
1 998244352 
0 0 
Many
Many
0 0 
0 499122177 
998244352 1 
1 0 
1 0 
1 0 
0 2 
0 2 
0 1 
499122177 249561089 
0 1 
0 1 
998244351 2 
No
998244352 2 
0 0 
0 0 
0 0 
Many
2 0 
No
998244351 4 
No
No
No
No
0 0 
Many
998244351 1 
998244351 1 
No
0 1 
499122177 0 
Many
Many
665496236 665496235 
499122177 249561088 
499122177 0 
499122177 0 
Many
No
499122177 499122176 
Many
1 998244352 
0 0 
0 1 
0 1 
Many
1 0 
998244352 2 
No
1 1 
3 998244352 
2 499122176 
998244352 1 
0 1 
Many
0 1 
Many
998244352 1 
No
0 0 
0 0 
0 0 
2 998244351 
No
No
No
No
No
No
1 0 
1 0 
No
No
No
499122177 748683265 
499122177 0 
No
No
No
No
499122177 1 
665496236 665496236 
2 0 
No
0 2 
No
0 2 
2 0 
No
998244351 4 
No
332748117 332748119 
332748117 332748119 
0 0 
499122177 998244352 
499122177 499122177 
0 1 
499122177 0 
Many
No
No
0 0 
499122177 0 
No
499122177 499122177 
No
No
No
No
No
499122176 499122177 
No
998244352 1 
