511365464 383691469 41553466 105430845 652744955 14536706 710390470 357596986 900000644 323477809 401397567 600821550 977292644 264986745 668576127 55732851 958061118 579149586 844954852 546086702 440274793 257122335 529560258 676210104 536503811 650367455 859976196 96684590 88932830 792971571 940461680 142191024 763386760 774428695 171015062 572339560 43463497 285359381 603890302 90949891 650730058 67802827 870659705 551885482 449288729 201157411 339762256 47209758 608529627 113109101 
676422109 65051436 519302091 583736300 153205174 833544962 270868104 199844157 943700692 983920173 234924496 648678772 750052269 209304004 649787444 227644442 985600530 764489328 842876818 345769117 502337204 215989158 339716377 694541292 750624211 557337453 323027960 588251222 603419525 22031961 745000941 856427650 406843265 826718980 608408815 550029547 66709929 259391048 74495841 921788687 235322754 211196057 70251382 279459849 666223031 753998243 966149180 676242376 266789849 134606498 
696969053 424490962 741197523 75303060 944419285 443012903 124358003 813408623 195194820 779876112 511438004 30191172 513215941 542605967 120513917 344564545 3652571 149156069 132033435 325469377 6027741 21855637 226621887 723802318 675368692 945311286 325673457 230734529 90273102 526228676 729780073 920403535 422218301 569316255 855804127 763326508 983948638 170616785 413856737 683877258 182844170 721002502 68882924 333722901 816582423 31813588 900600397 871305901 724495824 648508396 
886800363 62069725 128169280 934294777 108411075 578345701 815661899 383191532 424351866 240696985 141841346 431811947 477263052 859932666 326254450 938548375 295110431 673078468 537115663 990485915 362747659 619745396 84448701 918133724 305650205 522523618 371714452 810749044 166858532 689175467 926940969 780176979 730106090 769050646 641836783 245511216 585506939 376815592 578207258 354791160 301170840 542411697 168362043 718225915 202342909 400868878 420442608 543413528 567639062 103074258 
192163718 686951263 760757116 920973821 375287676 505035327 504269068 551850378 19309169 247011400 540350478 164383389 642058927 614529634 252751197 580337033 16276892 235591057 84233092 651623274 837749408 979186002 586224842 595771443 989722574 24958294 429213819 421911491 689361237 245073259 992191562 572175992 64084973 384399762 567227086 262877463 294376009 708390475 41785343 950114958 761295248 505759866 267063312 302801304 169945571 201151701 504665037 48208285 36880476 65639076 
438484169 706979587 766779752 41160506 587605157 937515218 334687171 251195674 698749410 724731896 546674002 220716 245592726 200150040 897434648 972817735 118199187 646146718 74048127 678561735 834000545 484194045 351115785 425172583 681438607 111082078 947814374 648899953 348901069 379334166 73390621 623695911 49911572 273042556 496850922 5452644 393982080 196018475 37591242 142320643 5144046 879639240 926537466 798808273 732934833 320984657 863991001 895538940 537702409 115240291 
122393961 390876760 404077182 230337008 465100728 584543730 517909364 603924321 652197503 939826411 619102596 184241073 586553387 226804871 990063311 150936052 745675222 713503979 402912064 386081608 255997973 213145391 266107919 496303341 207534449 672663228 363853610 225487288 177542573 904248075 782054170 953817718 538018515 195814512 784721656 511124052 132671579 896880718 248725744 928538449 432042657 404234323 270897592 951995077 632666715 663198624 31074103 696389484 747004215 525682 
231802842 616068034 559467548 187949392 48846624 531646783 124872555 813262744 596364947 669218351 800235037 793535274 849028192 581072590 848827775 617132870 922017336 638962244 489719309 221582847 244328812 302215318 142339994 130108811 330289339 259414684 141052293 690191931 69249350 732582004 775500424 119886945 321545529 704128953 346440762 615932916 356368689 495473624 314740360 451763566 854528709 584805473 536895778 276065451 194055478 763320090 932009831 150896481 495020632 972814786 
355468771 418153912 918517190 824418726 741801518 217225546 25999188 246503959 274913328 185125447 243385573 680248700 750143021 454367842 155182571 707928341 146058388 823645004 596175169 30870535 350839903 623911980 183455612 158330122 147676641 539142065 546910471 850856613 577529169 876779088 487583609 13484798 393660370 752915915 552488911 256903504 131155417 484765033 770120065 665595089 217805966 279004548 122146052 28858665 178578457 99359519 347759643 817524729 355919739 914793963 
645027992 490569938 394149263 354321186 206008744 74084445 882858566 939073872 536608485 138951160 437399266 44225568 969183738 571294440 49822327 682431790 790578289 257353767 702050654 93428882 667723819 714742745 280281574 268993784 619099470 233970589 825323034 582065187 38105961 628258387 621426617 487976026 472152808 220266324 652041267 746671098 567252677 750878325 452204925 411278121 167185543 936265192 49687423 643374271 890388722 716058433 859213432 91973948 710732119 187126497 
642161735 336256542 235331595 748646556 980868746 351295952 330709479 401277278 958630403 809961788 402780331 238154628 809810591 489836890 284603927 426713127 941718910 342118181 838062044 184693533 819159517 605269052 753752504 326989701 445991007 289046273 841706942 618283653 322308308 948981438 20152033 242290147 113013261 505533719 377811005 273354984 584807129 529524091 538587778 529907311 600394822 433861795 679193335 970497826 494078719 812692213 18181812 503454819 619285499 680110284 
433365936 57207496 78360531 188916521 62256858 904020584 443470606 601222460 619958176 864728502 226065845 716501635 601174850 606973938 493458129 409174592 762442747 16570520 539651700 270928696 611650175 108844475 847216725 327794352 70307307 151577425 165058073 132067905 681514655 328767142 294766064 631491392 125664561 953294000 866400428 156888184 106654404 920602066 302054235 489135287 874182833 253720389 475101591 795456841 988129125 76733831 525079586 826637439 498851154 735936853 
409974414 411417355 101584639 50991136 676460400 548740247 539042389 424441761 77101677 939121391 341485788 172427261 743975452 854395603 591430817 312403010 89827850 374309019 600268960 276535979 652928123 303720572 7787452 28886121 769728833 905230229 766693387 478605255 396145766 53533547 946005059 916371395 989619233 829136788 147380017 423987066 678723062 962813719 533451536 425866602 819853156 85990819 908264248 283671983 907450728 417082496 248363733 352582032 874588801 338799679 
996947111 262497773 114480943 109082506 94342246 305762276 310638493 458797447 14285220 754874917 121698441 54628400 298473734 423349660 528336282 265704408 529177751 334116912 134921624 73729085 7401364 858970198 908607460 729315539 904376451 838003031 41293982 246462997 14709489 677131887 489325007 893130898 835393962 184882575 296029135 581585341 75148265 382904728 198571894 976491846 169422672 47650627 646466450 424444158 479029253 62170330 377585017 621768177 12506978 116972309 
691437254 164551105 232296721 483676099 60942704 802599363 140409180 589484587 273575924 951098413 848140076 923339600 328069134 540418063 721296529 413140183 54467520 407529223 849796178 644572402 729731802 108870381 875873497 284392786 926722335 501741532 324464039 763834633 311096949 472901925 663777662 455796621 211346992 419684918 366850127 52834091 164246502 361594667 871956474 110286377 376513264 312783011 86045781 770082638 211473539 846639722 35587072 760439146 168668146 942611818 
142598556 731324057 891137382 617073834 120766297 824686348 347291113 33074840 597238290 389544685 589045516 13109198 667428226 560694415 517333173 454125164 45556618 580617003 500693105 550101424 848482268 899940547 982837137 479906121 593822543 416400173 974894962 141672164 771896458 864475651 454236374 364905650 592432386 945931397 865114516 760706286 189061709 805064028 699071748 239487690 213304975 839379193 864549142 359793691 388792470 677303225 332872525 117151389 778163949 59594978 
748337544 183941772 184711086 914123826 260801666 87476237 79403140 107806313 630193513 347170446 914695250 467697788 219558108 581197564 695196776 119158831 566329717 453157163 943713430 675643292 768434475 39683925 768362791 894119328 383537629 715757674 809910081 238825661 238734852 650237462 288203336 672708014 351936358 617418384 377506952 748821146 633223503 535990602 481498907 250747655 971787352 506061376 818416477 189631181 849940484 218145545 238035122 347056009 833729589 557439458 
662924201 963222072 238131778 478095705 543991917 268465793 343220029 314474889 972410859 203153035 350800586 598343346 596207092 442112573 900643653 972872641 706784789 300826318 352490072 78352888 954669468 746573888 500975401 986585505 5807620 964628920 574983636 244523333 693513405 276757354 625686559 890436713 820541619 851253251 229208232 774972063 475177539 102390005 158628322 93250850 851496262 945229521 738750500 661830629 730175464 899390657 529408516 331571161 257423494 162090249 
620184984 919201862 584793219 86682746 602570849 6262173 988479937 592675364 161499956 165925545 734976889 87048593 494159237 524195559 175566135 709806514 423116907 379792868 807589233 848786092 306119628 674340199 889286237 320186830 414640436 129470412 951903901 850931230 23088171 991267156 426537538 668136633 682604281 414186750 898274897 104898319 374242388 593023056 106272186 547293234 425272041 6241062 173588884 609940821 508053664 742244618 263835799 335182476 905380522 382719629 
535304061 76528029 648572553 347824162 85904751 319388447 884297043 740513024 279816834 982037522 892142464 616355439 831509852 439885363 17401149 124990546 333580804 371295133 851725309 473773462 666080262 165209994 148845176 317177227 936246099 439777592 945540450 421131215 867492395 146532380 669990392 3823615 237491753 154956899 546263823 68570402 725427670 674605394 124165078 506610291 113721024 640872738 793673516 616771533 176612958 837013877 128728605 891081249 944210037 159806285 
265916121 352842011 704020871 211687138 471282917 476853718 402024790 136736893 691118193 873453323 360689933 499961732 305397240 720297748 279008978 517590785 484981374 18569044 820451872 933399796 574955892 534025978 175114389 844952329 394423625 33499446 221634362 204457542 378515012 591784786 50889433 741775765 784784383 393112135 228125498 754258021 655232340 889257333 482041331 618907685 901802492 692247556 74227167 283031763 389812866 256369165 422803229 88304479 175377236 253771910 
988522626 825253310 523867693 461474294 28668577 506826915 190448311 18826316 535808820 220979411 79612735 535813324 355671837 246008770 491435114 394694564 317500215 737735301 451797413 340104227 76911570 512271008 63851552 300351005 281669287 572167537 50064501 681776187 932134578 546254893 48732412 204413691 316651200 357845453 473932453 944779061 890780764 781180730 970245380 728800911 297739372 438577880 380830929 803820921 511123537 305655234 583992667 435459881 775925489 443590367 
793491950 669929584 874614710 919938130 244666279 594198365 877145539 95723259 685244301 967767016 824196210 839316199 690770428 790829842 39256814 849066258 777380697 408955412 777371591 902108398 644545165 109344270 336506823 556655636 510094183 28415856 834536223 465051161 73394095 794885029 430767300 259945390 777002517 289633878 489495460 955261622 121959704 714136168 183281920 868111322 756024164 911716185 293421260 411156224 782613900 351384610 358687687 55707766 939874927 433870527 
788361595 499164887 410355224 423692239 356021063 627746930 177753115 443376607 886413924 703955367 352607289 349674208 725162646 109859896 978219028 81951776 289170250 997349877 749227727 60736961 329282322 873892051 417617365 101216341 492252861 710482703 933677719 160161847 360136509 104360896 996954624 425971316 539932404 117763031 573708889 943857473 601572791 763271405 835995505 836912929 209349306 523887788 28698715 152913056 797984643 742758202 175610543 773014086 131624506 212822969 
484876662 132380125 793048809 586367394 647846580 96600951 289720846 168321104 625726468 684615030 973209271 496598097 472263919 905785274 828080776 263461665 43414582 448765763 602414530 739346181 84914626 790272276 795691143 804520511 127164326 690935832 289391968 926514871 767247736 652869272 258873287 713029081 772701102 954212641 743335140 758728426 825674658 534028052 63431508 824769665 901166965 918442411 57580456 336839017 570744193 884464652 408033357 740525291 956296446 257533577 
435051281 949270164 408893945 592226539 791566156 164701620 514991889 390732689 601346364 844051782 418100785 550183880 233390346 392015157 295955657 569689107 11075369 379030157 338813872 844574150 553998583 609672739 383958893 595337496 633021221 109863323 594865276 274942584 63493214 419260824 477538043 300831772 860783860 886176282 464329920 944615348 716016678 825491026 513654192 983430811 104983878 203283909 461000096 252189838 210554852 243965104 705280946 524541506 354351609 967545651 
683126946 968160002 772401463 814174979 764330402 483092477 564778175 370615129 249808988 758786700 566095429 81439165 418358411 892274314 385086162 851355740 402899185 104788253 924485020 549462345 865112678 265130230 364931479 252474508 210949902 312980931 340896699 997164317 385886916 464906000 656502297 669770769 32682154 763055754 362579364 360244819 383273752 610012029 78390071 723673775 343723888 495230714 741289457 553939795 429474172 95171857 723292846 244949465 974430698 288142543 
527099103 997976806 207717989 854358051 780830628 128208334 563874277 603194326 841883872 13268707 381398385 218617015 630525225 130601238 525782405 163382287 865905414 820030700 119399298 488621397 724246353 819365319 334151467 616637797 869337564 882285694 525868293 807856726 666052624 558463924 868106970 620998922 807535331 309707065 260041426 959971068 894296259 704402646 636613431 845304752 909175034 860204648 111218968 138541948 704946603 944985781 737101478 674495386 997863606 594647177 
546600078 74580403 573716147 617407726 250968899 752727344 3751869 13409402 837191218 989883599 214145506 961070659 575672858 636719122 386698634 772864033 481514131 120202375 504377727 152858553 187612483 834671968 386689405 902901531 335739134 674604541 624912313 870488304 22119912 466394476 653654786 473371745 247884966 87240633 195724740 981581966 926142233 229602039 205649508 829939204 595815187 449295463 591438180 984795837 771730937 465264602 765540709 996792798 897452557 696123661 
691529495 950618815 417866149 369418513 89639814 944043972 991451394 747456397 960659055 730050731 320484621 897865121 833109540 294975596 46751226 414440512 821577090 280318431 910143935 887296268 716208692 93891796 930515866 110816816 256062049 631531780 449055071 738514284 214924415 328474725 813809073 917575729 372703206 972301312 844410341 717813245 489691619 790717764 140487444 37721050 993559251 117517943 365588014 900675983 494744780 50075985 337396735 340301655 692709993 527621114 
438530331 518753508 924203746 776201075 708054227 162585595 19063955 951033813 356967523 276179601 219472203 898691687 337209642 534428173 771190209 50082260 334151760 805668857 971555235 185884740 522171034 766655887 433671832 582969794 652754154 778234177 881774200 203647402 595617590 523279904 80802351 71540373 327821807 556840833 952957874 836655667 437735781 342141834 994343911 819969901 686496410 743733017 918080661 321154485 596218536 457898311 279538116 585752401 104198914 594116390 
796580452 63187816 527886596 471102891 731532979 108139261 239980333 630432894 578585062 743855317 829732322 66907181 234486054 458037374 660025956 888904940 875169313 807601225 415783446 748150738 163695094 12356119 742086387 90512125 232623554 594090553 238332595 462839834 894891469 756467518 307707084 995580225 111905519 352189395 680912543 21577506 793442035 184960314 77431853 794388566 57727099 785169982 740886854 382397020 376333880 58803308 111635724 334511533 487688807 873284080 
122026716 463347848 248372636 30555174 278475298 712848106 280052227 189618031 693313555 288410543 946034728 712624793 108943472 519877809 699670057 756272787 347542479 740883631 614678959 164645881 656225376 683087842 544319402 578283151 769702892 23593232 996332125 44725313 503691245 286580823 899276381 40847037 406564221 179389400 354215095 426575761 864565584 132087344 992533356 778047216 397786970 918154967 41664484 323380290 642380179 357189152 53116811 917080963 280606289 642719794 
816673083 755553054 305004771 21885991 219435125 701084984 861880710 115472026 673197298 860934887 672083762 631909576 775506357 212489262 15901290 906325423 920198649 269328590 331272172 686685916 32661252 142730775 145087623 163355910 977334606 875622356 561432920 387432555 453340622 727020259 838885384 248769923 542198968 387187510 423156178 334500342 979612973 960442525 974791563 486743192 298664255 599045209 519609221 420022914 775561593 116982341 790665142 510563252 676164968 88401612 
93216516 142141039 258656820 78628221 746416518 904423434 764631539 975984822 39231942 852235411 319750217 986681225 959038505 58954855 567847057 263454491 967708391 31392335 535833713 739166477 669491164 438849470 329412029 291528271 235740864 934154147 753013626 61899897 8505838 510120699 57841591 308469802 309106275 10052135 47016037 851674347 432604676 93482155 239561286 566868713 720692413 174849522 950061095 379942321 542671441 128046904 948378759 335438116 154023675 308710151 
851226379 561725537 573967618 209024299 194307055 478852050 680805330 756981821 118205130 164695682 324364674 928447982 374954407 192399622 747583469 262115771 241663824 853272295 419201258 349901883 496034200 729413612 444689571 583833825 538050077 965833740 6226332 389779830 621575568 753729129 270820440 80575142 29672038 733864227 190876523 686149270 480938237 378772077 38009360 839580700 152428101 808414704 735692519 147943205 723918220 356403048 581078304 432044642 125003957 545115737 
739282337 244652502 842495192 907339018 737264180 506583177 160461709 772670797 849643223 870579285 471235916 760597922 554592159 945488106 313222529 104187316 10250079 954114678 963652015 785871940 277677731 582207503 671404688 863734999 795130654 539397593 729275945 398033572 827003516 107211194 643707373 118791744 52261969 901870420 743941869 130038442 927674977 932536391 572033200 645864602 632046765 107315132 649334244 61747394 587136367 854172218 492887855 198947829 569024759 864499426 
928494549 890227794 391669339 330546606 160920592 602636286 715100894 547341891 245274788 762309962 992471544 753055919 806092886 198014441 324142281 384730482 853033269 771979473 669369384 385050863 477242686 695458983 556781786 278869322 128802994 497742356 112991192 42429278 290729178 460943198 8727113 192506490 552709278 352292726 244693491 771814009 380978460 354724257 652816361 914608511 207344149 375263174 595186923 498964280 865214146 53988802 304391726 978683344 135354241 731757484 
619923694 115827458 188202384 845014938 174786720 989785858 840950412 250971681 39680832 566898354 116154563 924539109 816639948 757049584 591081959 659486690 217814520 223046052 49004268 320699415 162146744 917296423 52133368 175575230 767545913 947780541 279408407 400815762 104022368 480268318 946160161 128024553 996033002 557422998 315740162 701977084 307804579 910590934 594562186 75097069 678811326 923461486 816923700 669460613 94736387 756040416 224310456 250205406 864676022 175363386 
245833250 492139213 991159716 782596674 182789958 588614200 942574124 352432912 186429697 10174122 602218266 541798088 108035088 989662576 387665368 177099800 919097855 570295179 173317554 44180539 795195145 257882901 360543511 13328231 857770972 215477752 90944017 151613162 468048897 875757429 549358485 302957574 109451699 200197306 57288651 971133911 498149758 318547616 182496663 668812172 126569060 292563052 106638566 148501096 831200792 286646215 428639438 321486456 814474655 692999330 
550176192 587075675 251473787 205131382 235657044 509377978 22835698 996544798 165098446 458512698 48923394 439150359 124496999 840740137 730755054 479183895 667967945 954354949 827689495 424095288 331126012 433949689 820354968 241670594 99951204 228979053 328842937 964859376 551912768 562300088 556309606 369862972 657929648 818053129 975877152 808465728 731420476 643084483 718553762 917068700 897703456 707480993 584983983 716781257 114323489 843619714 79956723 729392523 361310389 134991548 
219134292 836648930 136432838 994282193 316824405 971937890 89011761 298789618 24474495 869318475 887691653 138937391 770353783 894518034 641964968 201542729 891756954 521635733 825362719 508004487 440493748 326113659 630661873 609518624 740299543 722322453 273885713 2621157 703589127 304691184 374297696 545423283 683238337 86857767 859860205 636123523 164877788 493862130 598078886 705196758 526229949 883162105 747703737 851156047 742562058 119213280 838865738 679000590 970734 938379491 
584877793 647317136 418179510 959743811 390678441 929924192 702446785 476797800 790360717 811997231 247148964 620236753 23024600 136219427 704393063 158837969 876419494 468042890 963655020 860921659 771612655 769093000 900440937 529223531 962976070 379322000 545394806 62710794 883180233 249282021 946908563 819023246 445607153 108626124 563016429 28410849 763020056 275531795 139284349 605785362 171679853 166802026 13262997 997896788 533004131 206962696 869541743 759667464 381985627 250003192 
646170353 940576712 689315284 9436683 29460752 549305314 868884558 299580465 527799037 389638619 656018304 797793670 494205304 422812286 977039022 187848356 102073022 119600096 982086527 472411117 488124491 854568067 818588352 212900771 829230412 954948583 707558922 968181085 145288360 317020295 941920990 708483537 547392131 366194986 893652795 996757177 514053455 993835795 510207773 902029388 46190307 915213293 19255969 987580060 439041683 637373001 701430523 281859314 939664612 390758985 
671680254 865181867 933912036 890813732 246716798 562231512 792050666 904306256 32832012 202500890 377000820 560397137 669748877 332251810 45065793 758872682 869330365 182847963 234196507 933149441 457134687 350673701 115898393 705776674 544357443 792855144 991554018 45768423 755479708 192992995 719306626 921385982 922580406 656239763 946293541 378413676 206900143 439003497 826567020 706948269 401691939 554626902 416052937 486634152 297881482 856830483 91766765 393198513 367598228 18087769 
940829741 353390293 179213838 711639356 78582948 23389416 921789930 4433604 908989933 654884565 551929593 403144181 984203351 528327441 664226225 336256328 810941554 469066549 757250731 889774347 163143891 763012718 289835749 25896960 403180665 162088879 425825846 180158978 248232805 351727481 283343080 304630350 39628771 265793105 784386827 993890279 956999545 680351574 50440637 313488712 148547108 274734165 393063354 903013212 907874316 60717860 968509547 482537873 204049992 329620304 
28483357 427106721 81047819 687699088 309030822 158181075 450873110 110923796 857766590 244953510 176127575 324580284 242613531 603681723 296172395 602618969 183601474 41107878 90945295 605382358 686179877 790977846 254741678 3882366 793663354 700269606 852426688 245771939 489142732 683031528 675105134 677628649 325460123 640941657 354667804 171090596 535888893 340473942 15987069 477854121 518673245 819042383 245916771 62031628 860984927 792962043 627957352 858555023 409817331 825758032 
589571633 773857969 576796458 623848799 950165902 855792600 162248852 722136581 768484884 638257468 72018361 244121439 888669333 426328364 40511560 777377335 309864638 564920920 869802077 583074381 75183395 549540947 581437287 198211270 59080786 823938033 106089881 861089772 938553055 787302158 536116075 100717897 216401065 667126320 25434081 640045971 20053163 942281010 760190212 357171328 793578777 962263157 799080492 577106654 29408995 231674071 33486218 392694917 460519618 574132043 
703065703 949410062 971937220 861428616 760494802 79559447 207651894 639296884 418782410 719079416 691826207 314870799 75915017 893245174 203227886 520195358 59536787 161988227 738199096 517955237 509402311 384485817 240698869 268303554 856480513 620468163 920580630 295294105 526110733 132159950 117914008 134525363 877077557 541114839 926268469 505045590 227049850 210971785 221599032 312766581 959415510 72656599 26087668 756556546 83013416 117577914 54463827 241716595 275128054 610013676 
267625969 794203112 696152768 420348509 598700788 847383780 112536070 694923713 461568572 989319974 585256630 302043522 504263246 405909965 986799921 386170995 822063056 943009761 559978193 735558110 613976804 561731477 35855088 30539371 186452449 685139672 630203701 995577742 720973624 365440162 197252676 41111352 488951265 167372050 65684255 942827443 659170658 285779031 750247168 685782200 720388467 51404809 611633452 758625664 244439217 132356932 14536517 266720026 277078212 612827297 
773936324 487432332 266375561 144928239 341509810 633738650 535970225 783222108 793176622 533409915 200875478 236923098 790868853 412478426 982088161 88980755 719050470 93698159 515389556 656007573 486604285 557097915 295225582 279017026 274660857 193986743 716827650 425113244 333439347 476413982 835902225 341103632 259815120 968616411 233345695 260402825 116591451 917480456 669890713 347119469 29588250 635753332 485408461 260518494 739254327 833467779 452299631 782365732 687187760 398673072 
