5
100
91 32 56 51 19 68 46 16 64 0 58 79 93 86 17 7 75 6 65 97 28 13 90 34 23 54 30 63 29 66 38 73 94 44 77 96 53 60 83 67 92 43 39 35 88 2 74 5 1 33 59 87 80 36 89 22 10 21 24 18 3 70 8 49 81 99 85 14 41 15 62 48 57 52 37 95 20 27 12 42 4 71 55 76 9 72 69 98 61 26 50 45 40 82 47 31 78 84 11 25
1 0 1 0 1 0 1 0 1 0 1 0 1 0 1 0 1 0 1 0 1 0 1 0 1 0 1 0 1 0 1 0 1 0 1 0 1 0 1 0 1 0 1 0 1 0 1 0 1 0 1 0 1 0 1 0 1 0 1 0 1 0 1 0 1 0 1 0 1 0 1 0 1 0 1 0 1 0 1 0 1 0 1 0 1 0 1 0 1 0 1 0 1 0 1 0 1 0 1 0 1 0 1 0 1 0 1 0 1 0 1 0 1 0 1 0 1 0 1 0 1 0 1 0 1 0 1 0 1 0 1 0 1 0 1 0 1 0 1 0 1 0 1 0 1 0 1 0 1 0 1 0 1 0 1 0 1 0 1 0 1 0 1 0 1 0 1 0 1 0 1 0 1 0 1 0 1 0 1 0 1 0 1 0 1 0 1 0 1 0 1 0 1 0 1 0 1 0 1
100
87 95 25 82 10 30 57 21 48 26 12 61 90 68 52 85 35 4 89 54 7 2 80 15 20 88 79 55 92 1 39 72 84 98 8 59 23 40 62 99 50 45 49 76 43 86 94 78 83 28 9 51 3 91 58 22 77 27 44 74 36 11 67 81 60 6 19 73 65 56 38 71 75 93 46 34 0 66 24 64 37 69 32 41 29 63 47 53 97 5 70 33 16 14 42 18 31 96 13 17
1 0 1 0 1 0 1 0 1 0 1 0 1 0 1 0 1 0 1 0 1 0 1 0 1 0 1 0 1 0 1 0 1 0 1 0 1 0 1 0 1 0 1 0 1 0 1 0 1 0 1 0 1 0 1 0 1 0 1 0 1 0 1 0 1 0 1 0 1 0 1 0 1 0 1 0 1 0 1 0 1 0 1 0 1 0 1 0 1 0 1 0 1 0 1 0 1 0 1 0 1 0 1 0 1 0 1 0 1 0 1 0 1 0 1 0 1 0 1 0 1 0 1 0 1 0 1 0 1 0 1 0 1 0 1 0 1 0 1 0 1 0 1 0 1 0 1 0 1 0 1 0 1 0 1 0 1 0 1 0 1 0 1 0 1 0 1 0 1 0 1 0 1 0 1 0 1 0 1 0 1 0 1 0 1 0 1 0 1 0 1 0 1 0 1 0 1 0 1
100
3 98 96 4 97 72 37 6 59 16 69 76 49 81 53 45 2 61 23 92 21 66 90 71 60 47 88 9 84 44 57 73 17 11 99 36 68 62 24 41 58 48 87 34 94 74 29 63 65 70 35 51 32 26 89 39 10 40 93 28 79 5 15 22 8 43 67 25 14 83 31 55 77 50 38 18 95 75 91 82 30 54 12 80 20 1 52 56 33 0 85 86 27 78 7 13 19 46 64 42
1 0 1 0 1 0 1 0 1 0 1 0 1 0 1 0 1 0 1 0 1 0 1 0 1 0 1 0 1 0 1 0 1 0 1 0 1 0 1 0 1 0 1 0 1 0 1 0 1 0 1 0 1 0 1 0 1 0 1 0 1 0 1 0 1 0 1 0 1 0 1 0 1 0 1 0 1 0 1 0 1 0 1 0 1 0 1 0 1 0 1 0 1 0 1 0 1 0 1 0 1 0 1 0 1 0 1 0 1 0 1 0 1 0 1 0 1 0 1 0 1 0 1 0 1 0 1 0 1 0 1 0 1 0 1 0 1 0 1 0 1 0 1 0 1 0 1 0 1 0 1 0 1 0 1 0 1 0 1 0 1 0 1 0 1 0 1 0 1 0 1 0 1 0 1 0 1 0 1 0 1 0 1 0 1 0 1 0 1 0 1 0 1 0 1 0 1 0 1
100
97 56 11 98 15 44 90 38 78 37 73 60 19 53 42 74 35 68 8 99 20 95 13 54 51 81 4 43 32 16 75 34 31 49 77 33 64 45 70 40 18 94 80 83 65 67 93 62 96 0 91 46 36 30 39 71 25 1 87 14 7 69 92 84 58 72 86 22 28 63 66 57 26 17 55 61 85 2 10 52 23 3 21 27 59 12 48 79 41 6 89 29 24 47 50 76 82 9 5 88
1 0 1 0 1 0 1 0 1 0 1 0 1 0 1 0 1 0 1 0 1 0 1 0 1 0 1 0 1 0 1 0 1 0 1 0 1 0 1 0 1 0 1 0 1 0 1 0 1 0 1 0 1 0 1 0 1 0 1 0 1 0 1 0 1 0 1 0 1 0 1 0 1 0 1 0 1 0 1 0 1 0 1 0 1 0 1 0 1 0 1 0 1 0 1 0 1 0 1 0 1 0 1 0 1 0 1 0 1 0 1 0 1 0 1 0 1 0 1 0 1 0 1 0 1 0 1 0 1 0 1 0 1 0 1 0 1 0 1 0 1 0 1 0 1 0 1 0 1 0 1 0 1 0 1 0 1 0 1 0 1 0 1 0 1 0 1 0 1 0 1 0 1 0 1 0 1 0 1 0 1 0 1 0 1 0 1 0 1 0 1 0 1 0 1 0 1 0 1
100
81 84 59 86 23 37 69 16 17 93 6 31 36 80 70 41 99 78 85 75 91 48 3 82 27 43 51 55 13 52 74 32 63 24 33 38 28 30 45 4 49 65 19 42 44 26 62 57 25 87 88 54 98 29 21 0 12 67 73 10 7 64 68 56 14 9 92 90 61 35 76 18 11 71 79 34 96 58 47 22 60 77 53 72 83 46 1 8 39 40 2 15 5 94 66 97 95 20 89 50
1 1 1 1 1 0 0 1 0 1 1 1 0 0 0 0 1 0 0 1 0 0 1 0 0 0 0 1 0 1 0 0 0 0 0 0 0 0 0 1 0 1 0 0 0 1 1 0 0 0 0 1 0 1 1 0 0 0 1 1 1 1 0 0 0 0 0 1 0 0 0 0 0 0 1 1 0 1 1 0 1 1 1 0 1 1 0 1 1 1 1 1 1 0 1 1 0 0 0 0 1 1 0 0 1 1 0 0 0 1 0 1 0 1 0 0 0 0 0 0 1 0 1 0 0 0 1 1 1 1 0 1 0 0 1 1 0 0 0 0 1 1 0 0 0 1 1 1 0 1 1 1 1 1 0 1 0 1 1 0 1 0 0 1 0 1 1 0 1 1 0 1 0 1 0 1 1 1 1 1 1 1 1 0 1 0 1 1 0 1 0 0 0 0 1 1 1 1 0
