157082
351332
168823
310015
104001
245401
53297
323488
242646
266882
319224
125721
240619
306303
307112
378844
333296
185199
261679
269382
266882
306515
306378
162642
259022
307112
243062
138164
229295
328126
296894
198914
246176
427106
190304
323488
216302
269382
405358
180288
261679
323488
58111
246176
276640
253006
262230
329584
200866
199998
405438
383690
333296
100289
243062
197767
307112
269382
295943
229800
189200
156049
280518
185199
345156
261679
249402
360409
154395
228378
90234
40631
280768
339542
114034
110453
273094
116683
264810
219781
306515
355044
285436
216302
351332
323488
140628
323488
261679
269382
154395
189200
177660
205440
206014
261679
107284
329584
405438
405438
219781
312948
200866
230374
328780
323488
254972
323488
333296
254972
169928
256718
100289
182860
208189
307112
200866
182860
154395
289148
328126
219781
178250
182860
289148
155046
273094
150466
177660
198914
245401
229800
273094
240619
329584
174919
229800
361210
143661
198914
253006
261679
310015
340972
243062
242646
306378
355044
185199
205440
405438
16376
200866
264810
280768
261679
328780
355044
168823
333296
177660
182860
307112
166484
262230
177660
273094
166484
243062
182860
329584
144871
360409
162296
105437
124670
267149
198914
427106
198914
280518
189200
246176
222120
97607
310015
427106
306303
284767
243601
182860
383690
89929
243062
383690
140628
240619
166484
328126
339542
427106
383690
166484
172824
306378
273094
224565
89929
230519
323488
357096
199998
427106
329584
254174
319224
77083
190506
198914
307112
264810
323488
107284
254972
355044
141775
206680
245401
280518
427106
174919
307112
351332
266882
405438
329584
150466
339542
182860
190506
114034
323488
427106
166484
174919
163960
333815
180288
383690
207573
208189
253006
323488
345156
90234
280768
340972
261679
405358
328126
114034
171173
340972
328126
269382
323488
114344
405438
261486
256718
226662
229295
234394
357096
253006
323488
114344
329584
361210
206680
182860
276640
264810
264810
264810
383690
249402
114034
333296
155046
150466
273094
68516
140628
206680
127391
307112
228378
23206
90234
269382
157082
306378
427106
276640
229800
340972
345156
140628
190506
182860
323488
264810
273094
323488
184000
307112
405438
323488
405438
256718
405438
296894
280768
351332
114344
383690
208189
174919
140628
154395
205254
383690
198914
280518
276640
269382
276640
157082
289148
285436
197767
427106
206014
224565
189200
246176
151334
90234
323488
224565
249402
360409
261679
345156
253006
306303
185199
339542
240619
329584
100577
307112
339542
185199
224565
90234
200866
329584
242646
328126
68516
180288
200866
138164
229800
251043
76578
166484
243062
104001
100289
177660
427106
256718
253006
76578
204578
242646
208189
166484
289148
182860
155956
230374
198914
114344
168823
140628
246176
427106
405438
339542
323488
306378
234394
269382
269382
333296
127801
207573
243062
174919
172824
182860
306378
284767
200866
340972
246176
285436
383690
25796
80053
360409
355044
234394
427106
329584
307112
77312
306378
269382
234394
323488
351332
245401
168823
360409
361210
351332
283097
121051
323488
273094
205440
339542
329584
284767
242646
253006
283097
427106
296894
280518
68516
185147
307112
405438
118048
323488
264810
154395
329584
228378
184367
166484
288630
243062
427106
427106
280518
306303
64812
340972
166484
345156
182860
329584
264810
280768
383690
203456
206680
229800
162756
427106
383690
323488
134288
114344
383690
351332
98326
132193
405358
427106
269382
229800
383690
273094
77312
269382
323488
261679
182860
243062
289148
243062
296894
204578
219781
256718
182860
323488
182860
229800
378844
234394
323488
166484
177660
280768
154395
147373
340972
427106
104001
339542
328780
264810
405438
427106
211285
122011
198914
254972
182860
168823
93766
273094
262230
269382
76162
149296
323488
208771
246176
383690
427106
242646
138289
289148
345156
307112
172824
357096
302436
245401
256718
172824
222120
185199
269382
276640
296894
185199
140628
254972
162296
333815
264810
190304
197767
307112
149296
182860
246176
360409
383690
345156
323488
319224
264810
259022
174919
98326
427106
168823
26594
323488
360409
243062
156049
261679
182860
204578
184367
156049
261679
261679
307112
360409
339542
100289
323488
306515
184367
328780
169093
77863
262230
259022
224565
254972
121051
405438
104001
200866
285436
154395
254174
114344
269382
116683
243062
148569
323488
208189
219781
427106
382077
360409
427106
100289
245401
427106
219781
84183
77312
206680
256718
162756
254972
323488
323488
140140
427106
328126
310015
306303
182860
151334
182860
273094
142479
205254
254972
243062
383690
339542
361210
383690
306378
114344
323488
166484
245401
273094
154395
229800
275076
166484
143661
206680
323488
262230
340972
206680
190304
329584
182860
262230
81950
114344
355044
427106
360409
121051
242646
264810
276640
323488
197767
306378
383690
307112
254972
198914
140628
208189
275076
269382
182860
296894
177660
253006
383690
306378
312948
261679
140628
259022
383690
262230
273094
172824
307112
284767
254972
383690
254972
182860
273094
201253
189200
246176
339542
246176
122011
189200
251043
198914
229800
427106
328126
246176
190304
203456
307112
80182
264810
323488
383690
280768
256718
53297
184367
360409
339542
323488
306303
329584
427106
333296
283097
256718
280768
256718
285436
166484
93766
269382
333296
86522
97607
229800
204578
323488
245401
143661
63912
201253
340972
280518
264810
185199
246176
243062
246176
280768
249402
310015
378844
323488
190506
166484
306378
323488
138289
310015
189200
288630
323488
323488
280518
234394
339542
360409
383690
273094
249402
150466
307112
355044
246176
355044
230374
166484
203456
184367
273094
323488
185199
84183
262230
254972
226662
234394
273094
323488
262230
307112
229800
246176
204578
140628
261679
427106
306303
323488
405438
329584
254972
264810
246176
283347
273094
224565
242646
246176
205440
269382
254972
302436
168823
228378
229800
176063
243062
333296
323488
77083
427106
155046
219781
90234
306303
296894
323488
307112
185199
200866
182860
140140
405438
105437
254972
273094
53297
306378
378844
204578
154395
235085
259022
405438
285436
307112
140140
323488
383690
256718
243062
280518
280768
182860
148325
267149
345156
306378
254972
427106
246176
86522
273094
261679
307112
323488
166484
333296
383690
206680
323488
378844
360409
405438
307112
182860
256718
254972
333296
323488
280518
427106
174919
328126
243062
329584
261679
227108
323488
323488
184367
323488
307112
361210
269382
104001
405358
323488
307112
204578
266882
405438
146480
253006
200866
306303
378844
285436
219435
205254
328126
427106
360409
246176
126015
246176
245401
178846
280518
229800
273094
211285
296894
280768
206680
152717
154395
264810
254972
269382
230374
229800
226121
246176
340972
333296
185199
339542
345156
174919
134288
254972
154395
323488
329584
184367
306515
323488
259022
254972
206680
182860
154395
427106
355044
427106
253006
323488
405438
106517
229800
307112
264810
405438
174919
307112
340972
427106
246176
307112
154395
329584
147373
339542
360409
306303
127801
243062
185199
273094
253006
121051
328126
166484
323488
246176
185199
256718
264810
323488
307112
196587
269382
138164
128718
355044
345156
329584
405438
306515
280768
240619
254972
275076
333815
264810
2339
253006
256718
256718
140628
243062
383690
323488
138289
351332
219781
120684
150466
154969
228378
307112
355044
405438
138289
206014
251043
125721
198914
256718
273094
306378
155046
427106
333296
405438
185147
140628
261486
340972
198914
296894
289148
246176
333296
154395
182860
63316
226121
140974
329584
254972
253006
355044
307112
405438
427106
289148
323488
296894
197213
323488
333296
254972
405438
329584
323488
289148
219781
254972
117586
307112
405438
178250
333296
306378
307112
360409
269382
229800
405438
307112
253006
147373
269382
229800
204578
235085
306515
90234
144871
273094
162756
339542
323488
181845
249402
276640
140974
405438
259022
307112
227108
140628
205440
383690
271150
189200
201253
323488
310015
273094
261679
345156
229295
273094
185923
427106
77083
199998
323488
219781
235085
140628
254972
127801
200866
149296
229800
120455
254972
172824
254972
323488
307112
333296
307112
57205
360409
273094
182860
310015
269382
296894
185199
234394
269382
140628
243062
128128
190304
98844
229295
185199
162756
427106
229800
254972
264810
266882
264810
296894
127801
79641
273094
427106
339542
180288
254972
122011
427106
427106
333296
269382
351332
269382
245401
254174
154395
378844
273094
329584
405438
166484
182860
340972
182860
184367
328780
246176
405438
284767
114344
254972
243062
254972
90234
121051
156049
222734
229295
208189
266882
32430
243062
224565
307112
427106
259022
285436
256718
264810
124525
273094
200866
234394
333296
328126
246176
162296
177660
323488
427106
273094
190506
323488
280518
328126
182860
180288
114034
182860
246176
168823
184367
273094
228378
207573
245401
240619
182860
162642
121051
76578
256718
323488
162296
230519
259022
182860
156049
208189
254174
196587
206680
307112
234394
267149
104001
264810
235085
256718
339542
141775
427106
261679
405438
333296
50718
229800
172824
267149
182860
261679
280518
174919
197767
100289
323488
134288
264810
229295
307112
355044
124525
185199
280768
280768
104001
284767
383690
333815
339542
273094
306378
273094
296894
264810
254972
226662
182860
177660
383690
328126
200866
251043
114344
254972
306378
246176
128718
296894
205440
312948
127801
307112
178250
323488
269382
222120
289148
39366
323488
114344
110453
328126
262230
307112
405438
182860
197767
339542
360409
323488
323488
264810
243062
63316
306378
177660
146480
378844
383690
246176
77312
196587
124525
243062
273094
383690
383690
405358
198914
229800
273094
246176
307112
296894
63316
357096
182860
154395
254972
166484
405438
269382
229800
307112
203456
198914
306378
204578
383690
246176
100289
269382
216302
243062
357096
140628
86522
198914
323488
333815
339542
382077
269382
296894
383690
323488
222734
276640
211285
182860
383690
323488
340972
254972
243062
140628
307112
269382
198914
253006
120684
323488
154395
351332
86522
154395
140628
198914
104001
140628
180288
351332
124670
227108
288630
140628
253006
52140
323488
166484
360409
329584
198914
243062
198914
169093
355044
98326
269382
280518
339542
328126
172824
207573
280518
157082
174919
339542
77083
357096
383690
273094
328780
200866
280518
383690
307112
190304
228378
169093
267149
273094
77312
323488
307112
77312
333296
405438
329584
355044
174919
306515
104001
148569
383690
185199
264810
405438
345156
261679
240619
197767
254972
256718
156049
383690
204578
203456
307112
296894
200866
273094
254972
246176
229295
333815
288630
89094
307112
251043
307112
323488
329584
246176
306378
360409
383690
329584
339542
323488
264810
273094
267149
351332
323488
114344
123390
147373
280768
140628
333815
254174
204578
273094
154395
264810
360409
114344
182860
200866
427106
84570
273094
201253
280768
307112
310015
427106
140628
105437
251043
269382
208189
323488
269382
306378
261679
166484
206680
333296
383690
355044
197213
127391
182860
182860
319224
383690
120684
159957
360409
189200
256062
254972
246176
259022
229800
246176
253006
256718
140628
405358
323488
166484
273094
280768
383690
174919
253006
166484
166484
307112
323488
351332
273094
360409
253006
328780
208189
355044
190506
323488
162642
267149
357096
269382
156049
427106
182860
273094
243062
383690
206680
245401
166484
339542
86134
306378
269382
114344
207573
323488
63316
128718
174919
329584
383690
307112
200866
360409
242646
339542
229295
383690
246176
205440
184000
273094
120684
246176
245401
288630
378844
288630
177660
307112
184367
243601
156049
242646
307112
333296
246176
172824
253006
383690
198914
100289
307112
114034
229800
405438
339542
243062
229800
261679
259022
178250
229800
205440
271150
328780
246176
229295
228378
207800
323488
296894
166484
280768
333296
306515
86522
246176
323488
254972
246176
285436
427106
254972
256718
200866
197213
245401
307112
245401
150466
323488
182860
205440
306303
155046
345156
243062
323488
177660
360409
427106
254174
323488
172824
114344
323488
204578
328126
246176
256718
182860
339542
154395
259022
340972
328780
323488
267149
246176
140140
307112
266882
323488
306378
200866
329584
246176
198914
256718
283097
307112
306378
242646
383690
204578
190506
253006
52140
310015
162296
329584
383690
296894
355044
351332
245401
328126
302436
251043
333815
144871
182860
306303
328126
427106
355044
333296
427106
340972
306378
246176
200866
207573
178846
37587
254972
140628
264810
198914
339542
172824
207800
234394
323488
306378
256718
383690
156049
328780
166484
67151
328780
208189
246176
355044
355044
182860
204578
166484
104001
355044
378844
254972
182860
128128
166484
405438
253006
185199
383690
351332
284767
273094
357096
104001
427106
76162
329584
351332
246176
307112
339542
172824
427106
200866
329584
280768
251043
256718
242646
383690
242646
207671
273094
306378
285436
224565
100289
306378
261679
168823
106517
182860
229800
166484
357096
253006
328126
259022
323488
184367
378844
383690
339542
267149
168823
162642
262230
323488
243601
427106
405438
182860
262230
307112
251043
116683
256718
203456
264810
383690
140628
182860
182860
190304
253006
345156
166484
360409
328126
306378
323488
323488
253006
307112
229800
307112
302436
427106
383690
90234
329584
166484
182860
312948
307112
246176
243062
246176
253006
266882
246176
427106
229800
203456
264810
200866
228378
333296
184367
168823
329584
190506
114344
229800
182860
323488
128128
355044
171173
256718
405438
243062
254972
180288
306303
259022
383690
174919
333296
333815
204578
254972
198914
182860
147373
355044
254972
307112
182860
427106
242646
185147
226662
243062
200866
360409
190304
254972
207800
259022
360409
246176
339542
177660
427106
285436
132193
289148
345156
383690
351332
329584
184367
307112
152717
118048
323488
283347
405358
328126
405438
264810
323488
251043
261679
267149
190304
107284
243062
243601
383690
204578
150466
200866
306378
307112
323488
222734
283097
134288
63316
227108
114344
151334
182860
256718
306378
246176
64812
229295
339542
254972
307112
228378
224565
246176
93766
197767
323488
140628
140628
205440
307112
234394
150466
243062
323488
284767
222120
242646
307112
168823
182860
229800
118048
307112
208189
181845
355044
427106
351332
207671
245401
427106
283347
198914
174919
360409
253006
355044
41705
208189
243062
224565
68516
273094
203456
251043
306303
105437
189200
323488
123390
323488
253006
100289
254972
340972
280768
140628
262230
60977
357096
243062
205254
205440
254972
197767
310015
198914
182860
296894
296894
269382
253006
245401
88632
140628
208189
150466
273094
427106
93766
307112
230519
333296
256718
351332
333815
323488
355044
203456
289148
199998
345156
206680
273094
306515
383690
310015
378844
323488
243062
243062
378844
427106
280768
267149
283347
256718
147373
251043
140628
219781
182860
116683
273094
243062
269382
166484
383690
276640
200866
273094
162296
310015
259022
306515
81950
14072
328126
55472
253006
246176
182860
259022
262230
254972
205440
63316
154395
125721
256718
184367
140628
340972
154395
206680
229800
243062
63316
76162
312948
76162
383690
229295
329584
207800
323488
226121
84570
295943
100289
229800
357096
271150
405358
307112
306378
86522
307112
151334
140628
269382
240619
242646
383690
169093
259022
185199
140628
259022
182860
166484
383690
138164
68516
427106
273094
283097
253006
285436
162296
378844
307112
323488
276640
182860
333815
230374
307112
149296
104001
230519
152717
296894
174919
206014
229295
88632
154395
269382
273094
198914
234394
224565
154969
329584
166484
154395
138289
307112
360409
253006
345156
205440
285436
246176
267149
182860
264810
13767
200866
323488
253006
226662
288630
333296
307112
243062
174919
307112
351332
185199
246176
256718
205440
323488
427106
162296
333296
328780
253006
172824
140628
357096
114034
329584
182860
351332
264810
205440
219781
427106
319224
109345
204578
246176
295943
128718
306303
333296
328780
383690
307112
267149
200866
307112
254972
310015
211285
235085
234394
427106
340972
151334
296894
280518
333296
329584
166484
229800
355044
378844
253006
254972
351332
182860
114344
329584
140628
246176
86522
204578
253006
206680
280518
154395
383690
253006
307112
243062
339542
254972
141775
323488
245401
269382
169093
283097
273094
383690
198914
224565
296894
169093
306378
333296
273094
427106
333296
273094
148569
269382
68516
328780
200866
360409
176063
355044
307112
243062
382077
243601
273094
345156
328126
273094
84570
76578
216302
427106
235085
280768
269382
307112
283347
259022
174919
323488
259022
243601
229800
34291
147373
152717
405438
203456
190304
185923
254972
264810
259022
177660
246176
116683
246176
64812
253006
383690
405438
189200
97607
285436
178846
182860
197767
182860
307112
246176
269382
200866
323488
355044
168823
306303
198914
383690
96105
310015
360409
204578
306515
360409
253006
224565
307112
246176
427106
205440
234394
254972
273094
55472
306378
296894
156049
323488
154395
427106
339542
254972
240619
87895
256718
266882
182860
323488
200866
126373
323488
307112
243062
168823
185199
251043
138289
254972
306303
229295
323488
246176
307112
68516
269382
126373
273094
229295
253006
307112
240619
333296
168823
333296
427106
333296
245401
246176
333815
307112
166484
280518
162296
276640
254972
229800
269382
154395
168823
182860
206680
357096
79999
138289
296894
383690
246176
228378
267149
90234
361210
251043
329584
276640
273094
20107
246176
269382
273094
190506
228378
328780
383690
351332
201253
97607
251043
229800
198914
86522
166484
328126
184000
219781
200866
100289
280768
267149
229800
140628
405438
200866
203456
296894
249402
6340
140628
229295
256718
219781
306378
159957
288630
182860
295943
269382
182860
360409
306378
114034
273094
205440
205440
427106
182860
240619
288630
333296
71152
351332
323488
361210
204578
90234
168823
259022
319224
427106
219781
383690
140628
306303
323488
157082
307112
182860
180288
340972
251043
269382
245401
333296
306515
273094
256718
254972
339542
171044
280518
333815
427106
329584
307112
283097
323488
323488
333815
273094
264810
427106
328126
229800
140628
307112
185199
243062
86522
229295
383690
251043
138289
86522
143661
283097
204578
200866
200866
296894
254972
211285
427106
182860
152717
246176
273094
203456
355044
351332
323488
229800
383690
206680
323488
427106
224565
405438
323488
264810
222120
323488
383690
254972
120813
405438
182860
201253
273094
306378
140628
228378
240619
205440
329584
254972
405438
245401
229800
323488
177660
229295
169093
189200
166484
110453
242646
302436
166484
333296
306515
360409
267149
185199
323488
140628
405438
228378
159957
307112
54106
140628
323488
114344
169093
182860
307112
328780
333815
205254
176063
323488
262230
323488
383690
166484
323488
234394
273094
169928
169093
378844
340972
185199
339542
235085
185199
224565
357096
323488
226121
345156
269382
234394
52140
198914
307112
150466
128718
116808
234394
205440
256718
405438
307112
97607
427106
283097
228378
360409
256718
172824
302436
148569
328126
200866
154395
198914
383690
328126
204578
154395
254972
206680
306378
284767
246176
251043
185147
340972
264810
355044
120684
306378
52140
285436
323488
283097
249402
204578
329584
323488
182860
382077
75996
427106
256062
98923
242646
100289
280518
253006
405438
243062
182860
185199
280768
261679
256062
307112
261679
166484
174919
242646
166484
64466
172824
340972
166484
333296
383690
224565
339542
243062
269382
306303
204578
254972
267149
251043
206014
190304
134288
182860
200866
143661
306303
275076
205254
162296
289148
156049
266882
329584
289148
140628
246176
273094
222120
339542
121051
310015
227108
166484
168823
242646
184000
185199
312948
177660
97607
126373
169093
383690
178846
208189
240619
283097
280518
339542
140628
306378
182860
323488
162296
140140
243062
114344
229800
273094
306378
123390
295943
154395
246176
42720
383690
306378
288630
383690
280518
90234
405438
205440
151334
140140
333296
264810
360409
383690
323488
283347
76162
140628
243062
288630
269382
307112
190304
306515
405438
405438
243062
198914
180288
351332
269382
254972
0
329584
240619
118048
229800
427106
264810
323488
224565
63316
254972
269382
383690
285436
405358
140628
182860
405438
224565
285436
405438
222120
184000
339542
148325
261679
310015
306378
205440
427106
307112
246176
246176
323488
189200
261679
307112
333296
355044
246176
178846
328126
329584
253006
144871
427106
261679
355044
198914
312948
243062
205254
266882
323488
245401
253006
269382
427106
323488
234394
264810
383690
312948
138289
205440
267149
427106
224565
323488
254972
197767
147373
253006
190304
355044
254972
180288
267149
259022
275076
261679
360409
339542
199998
259022
254972
224565
254174
427106
140628
427106
269382
271150
285436
245401
204578
378844
323488
323488
254972
154395
166484
156049
273094
245401
251043
185199
307112
283097
405438
169093
246176
284767
427106
405438
242646
312948
285436
174919
323488
246176
383690
97607
189200
259022
114344
360409
323488
206680
128718
246176
383690
256718
273094
177660
126015
155956
174919
63316
242646
208189
264810
201253
124525
190506
256718
295943
208189
254972
427106
224565
154395
204578
306303
196587
323488
323488
427106
307112
245401
254972
355044
273094
211285
273094
427106
100106
121051
296894
427106
204578
243062
333296
378844
246176
295943
360409
224565
378844
182860
383690
261679
254972
254972
383690
206680
307112
219781
264810
104001
228378
339542
383690
174919
310015
262230
229800
174919
140140
229800
155046
219781
198914
243062
198914
253006
245401
177660
259022
339542
269382
405438
333296
172824
306303
256718
405438
355044
306378
339542
243062
296894
323488
169093
166484
253006
273094
203456
168823
169928
323488
166484
256718
242646
168823
222734
383690
259022
200866
176063
345156
245401
182860
240619
339542
355044
296894
75774
296894
296894
243062
155046
168823
427106
226662
243062
200866
383690
190304
271150
229800
273094
269382
240619
427106
224565
261679
405438
357096
168823
323488
269382
100577
229800
166484
166484
76578
405438
77312
256718
200866
427106
36630
243062
427106
283347
355044
254972
154395
246176
177660
168823
154395
340972
169093
323488
405438
306378
204578
243062
83001
166484
285436
168823
360409
307112
427106
267149
182860
148325
190304
198914
208189
253006
307112
169093
383690
251043
114344
204578
307112
296894
246176
140628
319224
154395
242646
207573
329584
156049
90234
240619
100289
162756
273094
273094
52140
284767
267149
166484
269382
37587
229800
219781
185199
243062
185923
229800
383690
229295
329584
383690
162296
123390
328126
261679
229800
246176
333296
253006
89929
405438
204578
207671
63316
166484
253006
253006
184367
182860
306378
229800
253006
333815
259022
208189
427106
127801
182860
328780
166484
208771
254972
323488
205440
228378
307112
280518
323488
177660
427106
267149
182860
273094
319224
261679
307112
140628
190304
245401
162296
180288
383690
427106
140628
306378
280768
323488
261679
245401
228378
427106
159957
204578
185490
243062
256718
228378
177660
383690
229800
159957
135471
162296
323488
90234
249402
360409
168823
280518
405438
169093
211285
166484
256718
205440
323488
182860
323488
261679
251043
245401
206680
328126
289148
306378
243062
200866
328780
229800
306378
189200
329584
323488
140628
147373
383690
230519
169928
208189
323488
154395
296894
93766
339542
246176
276640
200866
269382
351332
345156
150466
150466
262230
329584
323488
307112
204578
306378
197213
405438
140628
200866
166484
182860
357096
323488
229800
185199
162296
140628
219781
182860
296894
306378
197213
138164
64812
264810
306378
360409
182860
427106
63316
174919
383690
261679
243062
307112
355044
264810
243062
198914
323488
198914
96105
289148
357096
190304
405358
427106
307112
355044
323488
140628
273094
405438
177660
306515
185199
200866
254972
162296
182860
253006
355044
323488
360409
361210
276640
254972
100577
323488
159957
296894
378844
87895
229800
340972
182860
306515
405438
360409
253006
405438
323488
273094
307112
269382
296894
405358
156049
310015
262230
351332
383690
307112
198914
174919
323488
140628
208189
405438
197767
306378
360409
184367
226662
285436
357096
256718
306378
100289
154395
261679
190304
427106
254972
100289
128718
269382
339542
262230
84570
229295
156049
296894
203456
357096
104001
329584
185199
378844
243062
204578
267149
307112
360409
328780
216302
323488
143661
323488
360409
100289
357096
340972
197213
333296
154395
229800
351332
166484
16106
254972
405438
205440
140628
323488
289148
243062
203456
140628
319224
269382
219781
90234
138164
280518
284767
306378
154395
289148
245401
261679
269382
185147
333815
174919
254972
156049
360409
256718
256718
306378
254972
189200
246176
253006
246176
198914
345156
138289
189200
246176
261679
243062
405358
234394
199998
89929
155046
405358
333296
124525
307112
273094
280518
323488
242646
323488
256718
253006
121051
306378
383690
307112
267149
323488
229295
229800
405438
295943
90234
190506
427106
166484
251043
254972
280518
383690
86522
340972
182860
185199
128128
242646
329584
200866
141775
76578
307112
339542
207573
405438
254174
73823
427106
110453
234394
307112
254972
306378
174919
273094
307112
104001
229800
283097
306303
205440
50718
184367
296894
246176
306378
204578
177660
262230
90234
383690
205440
405438
123390
169093
89929
178846
154395
98923
269382
184000
104001
184000
182860
307112
254972
182860
228378
307112
383690
253006
405438
306515
140628
185199
253006
405438
253006
276640
273094
323488
226662
219781
383690
185199
276640
121051
333296
307112
229295
178846
383690
307112
200866
261679
174919
204578
245401
328126
106517
261486
182860
206680
306378
306378
339542
182860
114344
361210
333296
169093
307112
146480
180288
340972
151334
306378
177660
234394
77312
307112
200866
185923
147373
283097
207573
345156
246176
254972
243062
208189
253006
224565
284767
328126
296894
182860
197767
86522
254972
280768
378844
185147
323488
121051
333296
306378
204578
169093
328780
251043
256062
307112
306378
383690
296894
162642
351332
339542
289148
427106
228378
50718
280768
206014
254972
329584
405438
323488
207573
328126
246176
340972
323488
166484
86522
59478
243062
266882
383690
140140
200866
198914
323488
323488
269382
405358
166484
328126
307112
128718
254972
405438
323488
273094
71152
185490
254972
256718
296894
360409
224565
121051
189200
323488
427106
256718
273094
427106
190304
114344
87895
140628
219781
228378
204578
89094
140628
185147
245401
182860
140628
333296
177660
143759
13767
262230
357096
254972
204578
329584
114034
323488
52140
120455
285436
296894
262230
273094
256718
329584
280518
177660
269382
360409
121051
171173
114344
269382
147373
360409
138289
271150
243062
266882
185147
208189
355044
254972
383690
200866
323488
306378
345156
169093
329584
273094
185199
107284
204578
166484
243062
323488
200866
120813
114344
246176
262230
310015
253006
339542
243062
307112
104001
254174
151334
273094
280768
351332
262230
283347
333815
339542
243062
307112
351332
333296
190506
206680
140628
206680
234394
328780
254972
383690
307112
206014
283097
242646
228378
266882
351332
405438
351332
166484
154395
328780
280768
86522
383690
361210
306515
289148
166484
114034
333296
140628
140628
328126
295943
140628
323488
256718
211285
80959
427106
296894
339542
211285
253006
323488
357096
339542
259022
229800
162296
206680
306303
269382
273094
306378
182860
138164
328126
261679
199998
296894
269382
329584
166484
159957
201253
229800
333296
361210
351332
228378
243601
355044
243062
166484
328780
340972
181845
269382
382077
98923
323488
323488
253006
200866
154395
319224
229295
310015
177660
253006
77083
243062
383690
249402
229800
329584
289148
198914
86522
333296
140974
168823
256718
219781
269382
206680
229800
246176
246176
206014
329584
340972
182860
357096
264810
206680
154395
219781
302436
128128
261679
273094
200866
156049
307112
280518
68516
296894
261679
284767
177660
323488
245401
246176
211285
302436
405438
405358
296894
166484
243062
333296
360409
306378
177660
169093
229800
323488
283097
296894
104001
169093
205440
185147
296894
104001
243062
140628
114344
174919
329584
427106
246176
323488
273094
254972
77312
240619
243062
228378
204578
128718
256718
427106
307112
427106
361210
269382
206014
329584
254972
205440
154395
323488
307112
182860
219781
307112
48529
273094
273094
254972
172824
355044
90234
323488
243601
306378
328126
329584
383690
100289
168823
256718
154395
307112
283347
427106
382077
143661
280518
226662
228378
2339
427106
405438
229800
285436
360409
89929
156049
198914
185199
200866
256718
229800
427106
323488
254972
427106
140628
100106
205440
148325
383690
86522
360409
306378
264810
307112
253006
140628
200866
351332
256718
243062
307112
254972
253006
243601
328126
339542
90234
196587
243062
323488
283097
251043
427106
264810
142479
323488
284767
169093
269382
329584
182860
182860
306378
427106
345156
273094
351332
64812
254972
273094
246176
114344
90234
254972
243062
156049
262230
345156
105849
383690
101672
295943
246176
243601
264810
261679
198914
228378
124525
323488
280768
253006
140628
383690
204578
111695
383690
383690
310015
261679
262230
405438
339542
154395
174919
296894
227108
323488
124525
288630
383690
154395
307112
89094
307112
152717
306303
90234
323488
273094
166484
254972
140628
71152
323488
246176
185199
256718
306378
405438
383690
383690
355044
154395
273094
383690
198914
329584
169093
128128
201253
246176
198914
323488
378844
254972
246176
306378
200866
224565
141775
264810
306378
329584
427106
229800
154395
360409
206680
357096
128128
328780
256718
405438
259022
351332
273094
383690
140628
339542
90234
86522
307112
339542
285436
383690
273094
285436
323488
114034
140628
142479
427106
269382
360409
256718
285436
52342
329584
243062
86522
310015
280518
357096
383690
339542
340972
253006
211285
269382
383690
328780
253006
140628
261486
197767
254972
208189
204578
156049
319224
208189
211285
77312
339542
203456
256718
261679
114344
288630
190304
267149
283097
124670
323488
405438
383690
307112
205254
185147
261679
180288
273094
267149
296894
177660
378844
229800
254972
307112
328780
427106
328126
269382
127801
224565
162642
243062
243062
269382
351332
405438
198914
177660
57139
269382
405438
123390
254972
154395
306378
148569
182860
427106
178250
50718
307112
166484
351332
184367
120813
229800
307112
323488
154395
307112
229800
207573
405438
88632
200866
182860
98923
296894
219781
329584
174919
169093
166484
185199
226121
285436
246176
383690
166484
234394
86522
355044
206014
182860
140628
168823
254972
98844
229800
162296
229295
177660
246176
256718
306515
312948
383690
219781
269382
405358
211285
253006
154395
76162
121051
280768
269382
264810
140628
97607
198914
328126
339542
142479
405438
140628
307112
323488
360409
296894
226121
151334
149296
148569
306303
254972
351332
229800
154395
77083
333296
243601
378844
361210
246176
166484
97607
333296
307112
339542
306378
169093
246176
361210
177660
208189
204578
328126
289148
262230
246176
339542
169093
182860
340972
205440
323488
296894
140628
101672
285436
269382
190506
273094
190304
254972
205440
280518
205440
333815
254972
190506
329584
329584
174919
182860
307112
126373
261679
182860
296894
355044
149296
114344
383690
307112
295943
405438
378844
104001
198914
120813
312948
185199
273094
264810
197767
190506
307112
206014
280518
116683
345156
355044
405438
174919
68516
307112
229800
242646
206014
189200
204578
323488
184367
243062
178846
333296
306515
86522
166484
144871
427106
339542
333815
307112
251043
328780
310015
246176
383690
329584
246176
148569
306515
240619
211285
168823
333296
229800
306303
172824
114344
329584
185490
323488
219781
295943
243062
205254
360409
164623
140628
307112
20578
151334
329584
289148
180288
262230
280768
351332
264810
323488
306378
114344
124525
166484
283097
243062
140140
206680
333296
154395
261679
243062
262230
211285
229800
273094
100289
197767
306378
229800
383690
254972
185199
360409
83894
245401
205440
189200
162756
208189
254972
166484
323488
323488
185199
222120
328780
383690
184367
120684
242646
97607
254972
168823
306378
427106
205254
229295
296894
323488
306303
273094
159957
184367
269382
383690
226121
155046
196587
273094
256718
182860
138289
246176
97607
306378
329584
273094
307112
328780
427106
345156
205440
235085
427106
172824
246176
307112
269382
427106
243062
229800
174919
72718
246176
427106
182860
182860
319224
246176
162296
345156
378844
154395
405438
339542
264810
230519
339542
152717
261679
182860
340972
273094
383690
307112
323488
251043
185199
307112
427106
138164
360409
57139
340972
254972
306303
199998
405438
154969
190304
243062
254972
273094
246176
177660
264810
97607
154395
289148
200866
329584
283097
256718
427106
140628
427106
143759
328126
246176
182860
198914
182860
256718
427106
203456
280768
140628
228378
114344
148569
355044
280518
185490
273094
261486
285436
427106
329584
323488
230374
126373
323488
162296
243062
264810
77083
134102
351332
378844
235085
256718
157082
182860
378844
182860
207573
243062
182860
383690
306378
296894
116683
333296
378844
208189
307112
140628
208189
77312
254972
168823
198914
227108
243062
36630
159957
405438
280518
227108
273094
190506
323488
264810
182860
205440
383690
254972
283097
273094
323488
229800
339542
182860
62702
307112
253006
339542
140628
383690
203456
182860
285436
104001
200866
206680
182860
360409
154395
307112
383690
251043
140974
267149
405438
242646
276640
253006
114344
256718
405438
302436
203456
333296
339542
340972
323488
229800
189200
120684
345156
230519
360409
205440
253006
351332
203456
249402
211285
378844
254972
224565
310015
166484
166484
355044
125721
253006
246176
378844
204578
405438
383690
90234
351332
182860
128128
166484
427106
190506
427106
245401
97607
178846
284767
182860
351332
58111
273094
105437
264810
254972
229295
140140
427106
323488
152717
114344
306378
339542
124525
312948
147373
296894
90234
63316
204578
378844
284767
207573
156049
273094
254972
405438
242646
211285
323488
226662
176063
427106
149296
222120
288630
154395
169093
273094
128128
280518
323488
206680
361210
328126
280768
162756
198914
98844
177660
339542
280518
329584
190304
253006
256718
253006
360409
229295
128718
177660
273094
185199
323488
323488
154395
328126
246176
52140
140628
266882
276640
310015
201253
256718
251043
110453
176063
307112
283097
229800
427106
273094
280518
204578
154395
383690
68516
246176
147373
243062
323488
276640
116683
151334
307112
261679
246176
355044
190304
124525
243062
253006
185199
182860
138164
189200
98980
360409
208189
323488
339542
323488
276640
228378
182860
256718
254972
159957
328780
200866
143661
360409
243062
269382
296894
329584
166484
157082
254972
229800
307112
234394
405438
134102
234394
185199
307112
383690
254972
307112
114344
267149
251043
177660
182860
328126
182860
307112
246176
105437
306303
323488
261679
122011
251043
323488
269382
229295
427106
230519
307112
273094
201253
323488
166484
306378
269382
216302
189200
312948
120455
383690
307112
427106
114344
264810
251043
90234
360409
140628
185199
273094
427106
203456
360409
148325
307112
207800
307112
216302
323488
283097
351332
229800
306378
323488
182860
205440
262230
273094
219781
140140
230374
251043
310015
285436
405438
310015
383690
357096
261679
229800
182860
89094
405438
427106
306378
273094
190506
323488
206680
249402
150466
307112
339542
261486
140628
200866
253006
261679
323488
224565
351332
256718
283097
323488
328126
280768
204578
307112
261679
427106
125721
63316
197767
182860
104001
88632
269382
253006
289148
222120
105437
427106
427106
197767
246176
323488
261679
154395
333296
246176
383690
166484
205254
253006
307112
182860
383690
280518
189200
323488
211285
151334
276640
16106
204578
114344
254972
114344
383690
89929
243062
234394
207573
345156
383690
307112
246176
171173
271150
168823
138164
355044
339542
254972
178250
285436
197213
245401
185199
227108
204578
182860
262230
98326
351332
307112
228378
168823
323488
254972
100289
269382
110453
323488
405438
205440
242646
323488
383690
120455
328780
120813
329584
245401
205440
383690
264810
323488
307112
169093
126373
125721
182860
405438
259022
329584
285436
205440
323488
86522
264810
307112
166484
273094
328780
154395
86522
262230
273094
333296
345156
242646
296894
405438
295943
382077
205440
285436
230374
166484
339542
307112
246176
254174
229800
180288
246176
246176
219781
405438
333296
262230
182860
200866
360409
168823
361210
123390
140628
264810
182860
205254
259022
256718
427106
323488
90234
405438
174919
150466
284767
275076
427106
200866
182860
333815
163960
219781
182860
254972
296894
323488
256718
427106
229800
229295
138289
147373
229800
360409
269382
166484
243062
140628
306515
138289
52140
383690
140628
280518
261679
427106
360409
261679
140628
323488
104001
185199
180288
307112
200866
383690
261679
307112
261679
114344
262230
166484
329584
97607
345156
224565
383690
264810
383690
355044
253006
182860
323488
273094
228378
114344
328780
254972
229800
254972
405438
256718
323488
86522
143661
197767
243601
208771
229800
262230
159957
328126
128128
280518
283097
323488
259022
280768
307112
166484
200866
355044
266882
226662
323488
52140
296894
329584
205440
185923
307112
254972
128718
124525
269382
357096
63316
198914
323488
276640
201253
140974
328780
90234
427106
383690
405438
184367
280518
253006
246176
154395
323488
246176
254972
253006
256718
360409
169093
71152
273094
355044
254972
261679
256718
251043
205440
98844
427106
355044
16106
323488
283097
355044
154395
37587
140628
182860
360409
229800
307112
182860
296894
267149
405438
328126
382077
166484
269382
230374
229295
208189
273094
267149
246176
132193
328126
204578
427106
306303
128718
185199
207573
25796
90234
77312
169928
110453
256718
323488
204578
200866
264810
329584
204578
323488
360409
198914
357096
269382
36630
71152
329584
345156
178846
67151
200866
205440
240619
284767
198914
405438
166484
224565
323488
345156
169093
323488
254972
242646
128128
351332
224565
273094
150466
177660
427106
203456
154395
256718
222734
323488
351332
256718
256718
226662
312948
155046
154395
266882
114344
296894
323488
205440
246176
205440
310015
0
197767
284767
405438
166484
351332
306303
355044
206680
323488
323488
307112
154395
296894
207800
256718
224565
90234
307112
264810
205440
427106
147373
269382
253006
207573
154395
140628
254972
345156
155046
156049
216302
148569
383690
280518
201253
93766
269382
71152
328780
307112
262230
150466
329584
243062
114344
242646
204578
306378
289148
323488
323488
125721
273094
323488
323488
323488
141775
285436
148569
351332
246176
166484
383690
360409
230374
254972
90234
280518
251043
355044
182860
169093
307112
296894
243062
306378
224565
127801
76578
182860
127801
138164
254972
235085
254972
340972
222120
75996
256718
328780
197767
405438
219781
253006
296894
345156
262230
207573
296894
182860
182860
339542
177660
283097
256718
86522
323488
254972
204578
200866
254972
307112
125721
151334
246176
273094
256718
323488
405438
240619
204578
306303
328126
273094
262230
104001
296894
328126
427106
271150
180288
208189
328126
246176
182860
273094
229800
245401
174919
383690
246176
229800
328126
229800
264810
323488
283097
114344
261679
283347
77312
296894
151334
306515
246176
360409
227108
273094
285436
307112
383690
154395
261679
246176
152717
383690
154395
184367
204578
54106
205254
96105
405438
427106
204578
226662
172824
166484
148325
345156
246176
182860
184367
269382
190304
383690
77083
246176
333296
340972
219781
182860
166484
262230
427106
283097
256718
77083
345156
86522
207573
351332
204578
246176
323488
280518
180288
211285
164623
245401
280768
229800
125721
207573
229295
264810
262230
88632
267149
182860
264810
323488
312948
307112
253006
306303
207573
168823
256718
328126
229800
243062
307112
125721
243062
168823
296894
184367
307112
383690
333296
150466
253006
120813
264810
296894
71152
328126
357096
156049
254972
264810
323488
114034
296894
206014
339542
140628
323488
339542
249402
219781
378844
16376
273094
323488
355044
229800
264810
121051
166484
100289
351332
243062
333296
323488
264810
254972
269382
246176
323488
357096
127801
234394
361210
323488
228378
245401
339542
229800
307112
140628
182860
140140
339542
427106
245401
55472
68516
273094
63316
405438
198914
100289
245401
68516
339542
269382
323488
261679
361210
360409
357096
184367
307112
253006
204578
140628
328780
360409
427106
323488
249402
333296
168823
267149
114344
172824
138164
150466
182860
328780
339542
16106
203456
200866
427106
166484
206680
285436
219781
357096
207573
333815
271150
140628
138289
254972
307112
185199
383690
329584
283097
185923
273094
333296
306378
180288
98923
345156
319224
360409
243062
427106
229800
323488
208771
307112
269382
340972
138289
427106
105437
273094
333296
256718
383690
254972
323488
245401
285436
339542
256718
339542
243062
254972
405438
276640
306303
114034
243062
242646
307112
253006
219435
427106
328780
427106
207800
253006
339542
312948
163960
306515
246176
284767
166484
259022
361210
339542
84570
405438
329584
357096
226662
140628
333296
242646
323488
273094
230519
427106
256718
256718
280518
328126
323488
323488
121051
254972
172824
128718
228378
254972
234394
242646
124525
249402
254972
154395
245401
276640
269382
307112
253006
154395
254972
253006
98923
228378
55472
323488
289148
280768
307112
360409
280518
246176
77083
273094
296894
152717
333296
339542
323488
383690
166484
93766
306303
198914
254972
333296
169093
184000
306378
307112
243062
182860
323488
323488
310015
116808
306378
110453
405438
253006
104001
253006
284767
254972
383690
323488
198914
198914
266882
329584
253006
169093
329584
254174
114344
323488
245401
383690
264810
328780
253006
323488
240619
234394
120813
323488
196587
280518
310015
243062
383690
378844
198914
323488
200866
273094
323488
427106
251043
253006
229800
128128
208771
383690
234394
226662
269382
284767
204578
196587
204578
264810
189200
100289
357096
190304
273094
340972
204578
323488
219435
310015
228378
148569
323488
256718
323488
306303
333815
162756
323488
254972
383690
283347
127801
208189
280768
251043
177660
288630
64466
198914
171173
180288
378844
289148
267149
59478
345156
262230
190506
361210
307112
254972
288630
323488
288630
222120
87895
307112
127801
306378
219781
159957
378844
204578
152717
84570
140628
243062
251043
80182
185147
104001
254972
154395
204578
182860
182860
323488
405438
254972
285436
323488
351332
259022
427106
405438
178846
180288
206680
259022
62702
166484
357096
378844
329584
77312
306378
104001
261679
151334
382077
383690
289148
340972
201253
228378
269382
178250
307112
323488
180288
204578
323488
253006
229800
168823
383690
383690
228378
140628
189200
243062
219781
144871
207573
246176
306378
405438
138289
86522
37587
168823
329584
261679
109345
138164
228378
261679
259022
405358
296894
204578
261679
261486
245401
306378
310015
169093
86522
140628
269382
121051
190506
180288
189200
307112
329584
243062
235085
243062
23206
289148
76162
307112
361210
86522
273094
360409
246176
199998
256718
169093
86522
152717
253006
276640
177660
86522
275076
285436
351332
206680
378844
253006
114344
306378
32430
200866
219781
155046
273094
276640
134288
427106
200866
280518
219781
256718
106517
261679
328126
243062
339542
333296
328780
256718
174919
427106
323488
329584
243062
378844
266882
253006
114034
128128
229295
254972
197213
171173
307112
333296
427106
169093
296894
185923
127801
275076
345156
245401
164623
259022
190506
351332
229295
306515
240619
253006
328780
340972
383690
49532
60977
207573
323488
198914
86522
285436
205440
378844
182860
79641
285436
328126
264810
242646
243062
254972
98923
427106
253006
104001
296894
68516
140628
124525
154395
13767
114344
204578
323488
256718
243062
246176
264810
360409
383690
405438
307112
333296
256718
189200
185199
306515
134288
351332
63316
249402
154395
208189
114034
307112
229800
289148
306378
253006
181845
243062
333296
140628
256718
182860
166484
140628
154395
333296
285436
205440
120684
201253
296894
228378
207671
229800
254972
273094
323488
267149
357096
339542
329584
105148
307112
405438
306378
162756
200866
289148
242646
307112
378844
246176
140140
140628
307112
296894
306378
184367
152717
357096
90234
360409
246176
229295
98980
296894
197767
345156
253006
340972
328126
323488
427106
185199
253006
146480
296894
182860
200866
280768
345156
328126
283097
203456
87895
323488
355044
427106
307112
166484
178250
339542
405438
155956
383690
200866
273094
234394
259022
280518
140628
182860
172824
339542
182860
219781
222734
405438
251043
427106
184367
185147
182860
306378
253006
340972
177660
245401
219781
182860
284767
168823
271150
405438
254972
339542
138164
224565
329584
162296
383690
182860
329584
323488
240619
162296
312948
329584
254972
283097
97607
319224
172824
273094
16106
243062
269382
86522
177660
206014
355044
273094
323488
307112
253006
230374
285436
90234
204578
383690
229800
204578
166484
124525
105148
162296
280518
361210
254972
177660
166484
269382
63316
280518
200866
198914
323488
185199
333296
264810
360409
185147
121051
200866
105148
162642
224565
323488
256718
114344
269382
357096
182860
273094
323488
189200
329584
245401
333296
243062
246176
333815
144871
323488
190506
190304
162296
204578
104001
405438
266882
280518
0
230374
182860
111695
383690
383690
339542
360409
405358
296894
355044
378844
184367
254972
269382
150466
219781
285436
288630
126373
351332
229800
200866
166484
200866
275076
266882
254972
63316
125721
383690
206014
351332
204578
323488
140628
383690
427106
162296
254972
197767
180288
207573
333296
285436
155046
253006
307112
266882
140628
154395
168823
296894
230519
254972
280518
227108
246176
307112
259022
251043
151334
307112
383690
205440
382077
254972
224565
283347
262230
204578
273094
271150
339542
254972
189200
86522
142479
254972
306303
405438
140628
283097
90234
20107
333296
201253
378844
307112
276640
169928
155046
323488
105148
405438
69822
355044
207573
427106
253006
127391
256718
323488
118048
229295
174919
405438
111695
333296
16106
253006
289148
296894
307112
229800
169093
280518
140628
323488
273094
280768
264810
319224
259022
154395
323488
128128
226662
180288
333296
323488
328126
242646
262230
140628
198914
243601
93766
256718
243062
323488
246176
198914
245401
84570
285436
339542
296894
243062
90234
182860
307112
140628
378844
269382
323488
254972
264810
230519
307112
150466
355044
174919
245401
405438
360409
243062
243601
83001
261679
219781
264810
329584
169093
280768
269382
246176
127801
345156
227108
77083
166484
427106
242646
151334
264810
200866
307112
405358
185199
242646
162756
96105
243601
140974
307112
312948
114344
229295
405438
90234
229800
256718
243062
190304
383690
264810
162296
254972
199998
127801
90234
269382
205440
166484
166484
328126
208189
273094
205440
296894
226121
310015
339542
339542
427106
259022
204578
280518
140628
211285
378844
283097
259022
323488
254972
267149
310015
166484
361210
109345
333296
120813
2339
182860
182860
269382
273094
72718
245401
77312
329584
203456
273094
405438
306378
230519
333296
251043
116683
138289
310015
328780
383690
254972
267149
280768
59478
427106
269382
128128
383690
246176
182860
185923
333296
196587
172824
206680
355044
357096
182860
355044
264810
269382
296894
323488
323488
383690
378844
16376
206014
283097
222120
246176
360409
162296
171173
249402
271150
243062
140140
166484
351332
253006
306378
124670
273094
207573
124525
197767
288630
283097
355044
307112
339542
307112
357096
345156
251043
323488
89094
234394
190506
166484
405438
328126
323488
357096
271150
204578
254972
162756
177660
280518
140628
253006
249402
196587
234394
88632
114344
329584
114344
222120
182860
37587
323488
405438
128718
405438
427106
246176
246176
427106
246176
261679
405438
310015
271150
203456
328780
176063
306303
243062
256718
267149
123390
185199
124525
52140
180288
177660
262230
306515
77312
351332
204578
284767
110453
328126
269382
289148
206680
383690
243062
203456
226662
339542
80182
280768
140628
229800
405438
307112
243062
427106
405438
203456
329584
264810
206680
177660
323488
178846
267149
182860
383690
307112
319224
256718
204578
307112
100289
266882
288630
329584
323488
204578
243062
339542
256718
200866
288630
383690
254972
177660
339542
323488
329584
339542
90234
405438
155046
351332
339542
264810
246176
127801
329584
285436
427106
90234
100289
427106
219781
329584
226662
427106
312948
357096
267149
151334
284767
120813
333296
267149
261679
296894
307112
276640
166484
63479
174919
333296
264810
273094
405358
182860
134288
198914
100577
224565
253006
307112
166484
182860
190304
123390
151334
323488
44817
273094
285436
154395
224565
114344
323488
177660
97607
254972
154395
275076
256718
211285
306378
405438
383690
296894
100289
204578
427106
360409
204578
184367
166484
405438
198914
267149
206014
323488
104001
328780
351332
271150
182860
267149
427106
251043
253006
427106
307112
246176
121051
261679
89094
328780
97607
323488
383690
226662
310015
182860
383690
267149
427106
256718
312948
360409
128718
427106
307112
259022
378844
273094
339542
114344
200866
168823
307112
405438
345156
229800
296894
246176
288630
16106
427106
245401
243062
219781
196587
307112
243062
323488
204578
328780
177660
288630
264810
254972
228378
259022
200866
361210
256718
246176
148569
253006
254972
182860
328126
306378
328126
177660
333296
269382
405438
171044
253006
310015
140974
383690
229800
246176
246176
261679
306378
128128
264810
182860
168823
261679
307112
174919
224565
67151
339542
206680
198914
285436
219781
264810
307112
254972
360409
59478
205440
269382
280768
360409
190506
383690
339542
249402
333296
246176
143661
306303
296894
234394
234394
262230
360409
383690
171044
155046
114034
273094
207671
383690
306378
427106
254972
273094
90234
357096
306378
333296
201253
296894
427106
174919
243062
243062
333815
302436
229800
254972
256718
197767
228378
104001
405438
128718
361210
264810
242646
323488
205440
427106
182860
273094
166484
323488
228378
296894
243062
90234
306378
310015
246176
190304
264810
307112
246176
171173
86522
323488
266882
259022
185199
280768
211285
264810
224565
138164
351332
246176
100577
307112
307112
77083
182860
383690
405438
405438
378844
205440
114344
307112
427106
355044
323488
261679
180288
383690
383690
77312
98923
405438
138164
169093
243062
276640
383690
182860
256718
378844
190304
307112
182860
307112
176063
243062
323488
168823
226121
197767
206680
261679
269382
174919
182860
296894
427106
211285
185147
360409
296894
146480
204578
229800
100577
152717
245401
276640
177660
307112
383690
329584
383690
243062
57205
229800
306378
118048
246176
264810
339542
116683
216302
307112
333815
166484
383690
405438
226662
307112
229800
206680
306303
253006
383690
280768
104001
405358
253006
339542
340972
140974
273094
345156
351332
205440
264810
140628
246176
323488
171173
107284
323488
197767
147373
114034
269382
427106
329584
253006
166484
230374
154395
224565
253006
351332
273094
427106
296894
246176
80959
328126
269382
245401
86522
333296
306378
273094
283347
306378
243062
246176
140140
256718
254972
222734
219781
273094
182860
140628
262230
307112
273094
323488
177660
205254
166484
378844
166484
185199
285436
405438
339542
76162
64812
357096
328126
296894
328126
208189
280518
127801
154395
189200
296894
261679
228378
382077
168823
306378
201253
219781
264810
333296
328126
333296
140628
166484
264810
307112
266882
150466
118048
77312
229800
296894
120684
307112
405358
243062
253006
174919
383690
189200
219781
355044
312948
339542
169093
116683
204578
106517
273094
198914
280518
96105
200866
280768
307112
246176
261679
307112
264810
64812
196587
245401
273094
185199
77312
339542
176063
261486
206680
243062
273094
339542
204578
235085
307112
307112
114344
295943
229800
177660
306378
307112
328126
124670
328780
378844
328126
378844
383690
178250
184367
144871
284767
307112
333296
140628
328126
128718
185199
276640
121051
177660
205440
275076
383690
296894
77083
254972
310015
229800
383690
269382
339542
127801
307112
104001
323488
328126
243062
176063
262230
307112
427106
306378
306515
204578
219781
276640
117586
251043
296894
200866
405438
147373
323488
262230
60202
156049
177660
306378
114034
207573
114344
182860
254972
197767
182860
307112
405438
219781
383690
307112
254972
273094
2339
333296
182860
427106
360409
269382
254972
261486
37587
329584
169093
174919
60977
230519
273094
323488
427106
97607
289148
273094
185199
328126
208189
323488
140628
333296
197767
254972
383690
323488
206680
204578
140140
427106
229800
345156
285436
125721
77083
267149
240619
302436
200866
328780
361210
169093
405438
345156
53297
256718
284767
150466
306378
307112
168823
323488
283097
261679
323488
229800
307112
219781
323488
340972
208189
307112
138164
154395
333815
427106
307112
264810
127801
427106
273094
339542
267149
155046
360409
79641
185199
267149
427106
307112
226121
240619
306378
383690
383690
306378
351332
97607
181845
405438
323488
150466
104001
224565
307112
307112
339542
253006
427106
229800
405438
340972
177660
154395
269382
128718
200866
140628
203456
360409
198914
54106
162296
253006
182860
76578
339542
323488
289148
254972
269382
185199
280518
169093
280518
273094
242646
144871
266882
253006
154395
226121
246176
323488
206014
254174
276640
126015
254972
283097
86522
246176
251043
427106
114344
86522
405438
280768
89094
114034
182860
174919
296894
329584
280768
177660
261679
177660
329584
262230
182860
234394
307112
154395
405358
328126
199998
355044
307112
357096
254174
264810
246176
345156
174919
169928
200866
256718
355044
205440
246176
111695
306303
262230
280518
323488
360409
246176
246176
307112
307112
273094
306378
259022
206680
323488
254972
253006
273094
355044
273094
357096
273094
269382
100289
123390
151334
306515
140628
275076
378844
148569
323488
323488
177660
243062
205440
169093
254972
121051
205254
157082
254972
105148
256718
280518
283097
152717
256718
208189
253006
123390
383690
116683
190304
96105
383690
280768
246176
242646
329584
355044
405438
118048
166484
120455
427106
207800
259022
200866
114034
97607
355044
138289
323488
243062
182860
306303
273094
190304
323488
405438
289148
182860
307112
254174
323488
254972
168823
307112
84570
289148
351332
234394
64812
264810
243062
228378
16106
288630
121051
253006
234394
166484
427106
378844
182860
190506
339542
207573
174919
106517
261679
307112
140628
269382
23820
253006
253006
219781
154395
253006
224565
323488
310015
306378
283097
254972
245401
283097
329584
261679
355044
253006
306378
182860
306378
427106
261679
323488
254972
351332
147373
269382
77083
273094
339542
280768
253006
229800
383690
204578
323488
269382
246176
280768
138289
84183
185199
104001
269382
307112
211285
329584
383690
246176
162756
77083
264810
319224
306378
196587
271150
357096
140628
323488
333296
140974
360409
405438
273094
323488
201253
182860
427106
339542
306515
333296
184367
329584
254972
117586
333815
182860
243062
307112
256718
262230
283097
235085
243062
383690
273094
253006
306378
63316
198914
323488
256718
245401
128718
253006
339542
355044
378844
253006
104001
269382
288630
275076
76162
280768
256718
77083
13767
206014
289148
333296
427106
180288
226662
224565
156049
166484
211285
296894
306378
228378
307112
351332
280518
328126
360409
339542
149296
296894
200866
360409
114344
323488
273094
57139
182860
234394
100106
405438
357096
307112
197213
200866
224565
256718
271150
207573
307112
383690
234394
355044
360409
140628
200866
228378
333296
16376
264810
256718
360409
90234
166484
154395
378844
307112
229800
285436
254972
307112
323488
104001
267149
310015
357096
243062
261679
201253
168823
228378
280518
382077
339542
405438
306378
296894
246176
205440
166484
208189
230374
229800
166484
198914
340972
345156
329584
312948
253006
307112
269382
184367
306378
357096
405358
254972
116683
211285
307112
251043
351332
243062
229800
339542
427106
256718
307112
211285
200866
207800
259022
323488
174919
104001
328780
138164
77312
120813
190506
323488
246176
148325
166484
351332
351332
328126
114344
110453
323488
307112
246176
328780
253006
339542
140628
197767
219781
307112
273094
383690
345156
229800
185199
307112
206680
323488
155046
307112
310015
284767
196587
182860
229800
156049
307112
89094
154395
283097
288630
307112
328126
121051
140628
273094
182860
207573
328780
166484
169093
205440
307112
182860
205440
166484
382077
360409
328780
302436
307112
280518
184367
266882
243062
267149
383690
224565
249402
190304
203456
185199
383690
154395
256718
261679
357096
243062
333815
361210
296894
328126
207671
204578
206680
211285
178846
166484
64812
405438
205440
383690
166484
296894
246176
140628
269382
323488
269382
307112
383690
154395
266882
185199
339542
254972
427106
63316
219781
182860
307112
90214
328780
229800
427106
199998
98923
254972
273094
345156
405438
245401
230374
339542
182860
203456
6340
276640
262230
152717
154969
234394
128718
184367
329584
205440
204578
148569
253006
427106
174919
154395
169093
138164
333815
351332
149296
383690
340972
427106
140974
243062
427106
198914
319224
378844
328780
229800
254972
357096
307112
166484
285436
351332
26918
229295
246176
259022
333296
184367
256718
90234
234394
323488
306378
254972
185199
185199
201253
310015
383690
168823
120813
323488
229800
427106
185199
246176
280518
323488
224565
114034
229800
288630
206680
307112
383690
155046
150466
128718
228378
383690
351332
176063
198914
205440
205254
166484
128128
140974
262230
405358
138164
427106
243062
230374
240619
172824
185199
269382
328126
383690
211285
333296
383690
351332
86522
312948
253006
182860
138289
383690
307112
339542
323488
199998
246176
200866
383690
13767
310015
166484
254972
224565
152717
310015
63316
323488
203456
329584
182860
198914
204578
121051
226662
259022
383690
323488
256718
323488
100577
269382
246176
32430
427106
280518
127801
124525
206014
171044
269382
307112
138289
184000
339542
405438
246176
90234
224565
323488
254972
383690
182860
185199
189200
138164
163960
360409
230374
273094
185199
68516
182860
254972
340972
427106
254972
168823
269382
254972
204578
269382
355044
261679
328780
323488
206680
114344
203456
266882
262230
138289
351332
383690
185147
289148
243062
307112
176063
319224
329584
256718
229295
340972
125721
378844
77083
219781
80182
182860
243062
243062
333296
261679
307112
323488
226662
234394
307112
328780
264810
261679
159957
182860
307112
345156
254972
323488
360409
296894
151334
251043
328126
200866
276640
264810
289148
124670
427106
205440
156049
230374
323488
310015
243062
296894
296894
378844
405438
339542
310015
208189
198914
197767
264810
228378
253006
93766
206014
37872
224565
204578
138289
166484
288630
146480
172824
328126
269382
307112
134288
128128
77083
307112
228378
267149
249402
289148
360409
345156
267149
114344
323488
134288
256718
269382
323488
288630
405438
355044
382077
198914
261679
246176
333296
264810
227108
306378
253006
246176
63316
152717
60202
280768
328126
351332
204578
306303
310015
273094
264810
280518
310015
66414
204578
125721
280768
383690
275076
306515
254972
140140
306515
405438
328126
273094
156049
185199
227108
427106
253006
307112
383690
333815
267149
182860
246176
306303
246176
328126
219781
84570
200866
306515
323488
405438
121051
182860
190304
140628
114344
114344
383690
323488
140628
427106
174919
289148
37587
13767
306515
182860
323488
280768
333815
306378
340972
323488
360409
273094
378844
226662
339542
42720
253006
222120
166484
16106
189200
307112
339542
134102
360409
242646
118048
200866
229800
197767
323488
383690
273094
230519
171173
383690
280768
310015
383690
246176
154395
182860
328126
307112
333296
229800
262230
254174
168823
182860
162642
355044
219435
228378
246176
306303
249402
288630
140628
280768
182860
273094
254972
254972
57139
182860
307112
296894
357096
307112
230374
180288
262230
427106
166484
427106
306303
140628
323488
138289
254972
204578
204578
120813
339542
246176
382077
264810
427106
222734
261679
345156
162296
323488
224565
205254
189200
229800
84570
174919
234394
254972
120455
228378
242646
235085
360409
190506
264810
182860
224565
269382
254972
100106
328126
307112
345156
182860
177660
204578
383690
207573
205440
204578
271150
323488
323488
271150
355044
307112
405438
323488
77312
405438
86522
306378
267149
104001
333815
204578
127801
276640
360409
306515
34291
307112
280518
229800
208189
288630
307112
67151
329584
138289
276640
340972
229800
182860
228378
155046
243062
405438
243601
383690
323488
185923
306378
254972
378844
182860
251043
185199
246176
169093
323488
323488
127801
405438
254972
256062
243062
269382
351332
254972
166484
140628
328780
140628
205440
100289
245401
307112
323488
242646
190304
182860
405438
226662
206680
261486
189200
306515
264810
229295
207573
405438
34291
243062
246176
182860
246176
323488
166484
229800
383690
166484
243062
427106
273094
243601
345156
266882
264810
249402
307112
307112
273094
246176
154395
254972
166484
174919
383690
333296
171173
168823
339542
251043
427106
307112
319224
120455
323488
383690
296894
242646
340972
323488
98923
174919
154395
253006
306378
273094
133301
169093
280768
269382
273094
254972
266882
323488
307112
262230
184367
351332
205440
253006
126373
307112
264810
339542
361210
273094
211285
307112
198914
323488
267149
243601
26918
323488
378844
77083
100577
86522
134102
357096
140628
273094
207671
306378
128718
383690
254972
328126
275076
307112
128718
323488
378844
63316
242646
328126
104001
254972
181845
351332
120455
280768
427106
276640
253006
229800
185199
259022
383690
360409
323488
307112
154395
207573
296894
280768
276640
100289
128128
120455
254972
229800
383690
246176
383690
77083
307112
276640
405358
254972
253006
267149
340972
152717
185199
323488
157082
182860
168823
383690
127391
306515
323488
197767
340972
120813
357096
405358
405358
178846
284767
351332
253006
427106
206014
264810
234394
329584
229800
197767
140628
383690
227108
383690
427106
177660
166484
246176
323488
307112
253006
204578
427106
254972
219781
224565
77083
328126
323488
427106
229295
242646
206014
427106
151334
269382
405438
166484
68516
307112
77312
219781
104001
360409
355044
89929
329584
339542
200866
208771
245401
116808
116683
246176
259022
280518
254972
100577
306515
178846
2339
185923
200866
329584
339542
243062
235085
71152
253006
162756
328126
246176
261679
333296
360409
355044
383690
71152
307112
256718
328780
246176
166484
229295
219781
206680
357096
166484
307112
249402
207800
166484
288630
204578
383690
253006
134288
307112
246176
154395
154395
254174
154395
307112
285436
306378
182860
273094
427106
323488
168823
242646
114344
405438
307112
141775
259022
280518
273094
285436
427106
201253
307112
405438
283347
261486
285436
182860
357096
197213
328780
427106
185199
89929
280518
246176
383690
177660
185199
273094
405438
283097
312948
307112
323488
166484
141775
360409
230374
267149
182860
345156
269382
262230
251043
405358
273094
307112
168823
246176
168823
323488
152717
264810
333296
253006
306378
306378
310015
254972
329584
269382
226662
328126
329584
199998
201253
219781
310015
306303
323488
310015
269382
378844
205440
154395
269382
86522
206680
185923
345156
273094
116683
254972
333296
273094
264810
222734
307112
289148
138289
307112
207671
323488
204578
405438
114344
306515
253006
242646
254972
140628
229800
90234
339542
205440
307112
329584
77083
166484
166484
307112
138289
253006
427106
177660
360409
166484
13767
355044
154395
383690
189200
383690
254972
224565
307112
383690
128128
64812
256718
310015
254972
205440
273094
405438
230519
219781
207671
276640
360409
177660
310015
246176
264810
383690
323488
253006
246176
285436
251043
200866
427106
351332
205440
405438
200866
269382
204578
405438
104001
243062
245401
355044
256718
427106
140628
427106
328126
383690
310015
229800
329584
405438
245401
36630
253006
307112
288630
246176
323488
275076
323488
339542
55472
224565
128718
256718
323488
243601
205440
427106
283097
328126
206680
121051
323488
306303
307112
176063
200866
280518
166484
307112
329584
323488
307112
189200
182860
182860
329584
154395
427106
90234
229800
306378
229295
323488
162756
345156
200866
383690
243601
405438
204578
154395
128128
306378
185199
246176
405438
63316
251043
405438
276640
253006
155046
222734
77083
246176
166484
148325
171173
114034
177660
206680
323488
120455
262230
323488
427106
405438
254972
100106
224565
261679
243062
169093
89094
427106
289148
307112
328780
63316
114344
355044
383690
256718
253006
323488
302436
182860
312948
235085
264810
378844
267149
306378
273094
307112
143759
307112
156049
254972
285436
93766
307112
116808
340972
383690
328780
87895
383690
360409
296894
154395
284767
312948
339542
323488
86522
323488
102922
224565
383690
134102
283097
295943
345156
177660
427106
328126
269382
127801
256718
280518
323488
323488
98326
204578
254972
427106
53297
345156
230374
208771
116683
230519
243601
177660
185199
271150
339542
189200
171044
140628
114344
256718
177660
256718
351332
140628
306378
273094
89094
271150
150466
114344
307112
306515
84570
273094
254972
323488
355044
323488
133301
205440
323488
427106
378844
182860
246176
229800
168823
283097
200866
64812
256718
243062
256718
246176
182860
427106
357096
63316
254972
253006
427106
182860
307112
182860
208189
90234
306303
198914
200866
280518
378844
267149
140628
280518
262230
273094
323488
289148
383690
323488
405438
256718
345156
329584
261679
13767
154395
333296
276640
114344
184367
182860
256718
90234
307112
273094
323488
266882
208771
180288
207573
345156
168823
261679
323488
351332
333815
189200
319224
157082
328126
249402
307112
224565
251043
360409
243062
182860
256718
269382
100106
185147
121051
296894
114034
84570
427106
197767
222734
405438
197213
251043
323488
345156
189200
339542
246176
323488
206014
229800
254972
283097
264810
243062
261679
154395
116683
276640
355044
323488
405438
306378
190506
204578
360409
383690
169093
203456
254972
88632
427106
151334
182860
355044
157082
307112
90234
174919
178250
276640
166484
178846
266882
204578
427106
405438
323488
306303
168823
360409
118048
149296
177660
261679
185199
106517
289148
339542
140628
283097
180288
262230
124670
323488
345156
306303
280518
246176
168823
253006
100289
296894
383690
204578
243062
306515
228378
140628
140140
339542
253006
206680
283097
185199
307112
234394
427106
323488
357096
273094
166484
254972
162296
184367
171044
140628
243062
269382
253006
226121
240619
405438
269382
249402
182860
254972
427106
383690
357096
205440
229800
383690
333296
182860
312948
243601
269382
229800
383690
360409
219781
269382
289148
280518
355044
253006
246176
296894
259022
207573
288630
142479
273094
246176
269382
285436
229800
32430
182860
427106
254972
185199
306378
203456
254972
361210
323488
224565
328126
230519
174919
211285
310015
306378
264810
296894
269382
190506
246176
90234
177660
340972
355044
307112
276640
253006
207573
43372
383690
190304
230374
156049
310015
205440
307112
219781
328780
68516
37587
253006
269382
323488
243062
109345
307112
307112
205440
116808
360409
264810
280518
405438
355044
427106
140628
228378
273094
306303
333296
333815
166484
427106
306378
357096
254972
427106
306303
120455
254972
166484
185199
254972
285436
323488
180288
152717
105148
174919
378844
205254
242646
227108
323488
427106
355044
345156
275076
405358
140628
256718
256718
177660
333296
205440
63479
169093
120684
427106
166484
205440
200866
378844
200866
246176
351332
224565
405438
280768
254972
104001
77863
228378
243062
405438
355044
259022
230374
227108
185199
121051
240619
20107
307112
283347
172824
120684
140628
271150
269382
253006
333296
269382
283097
152717
328126
204578
177660
205440
259022
259022
256718
323488
251043
307112
254174
273094
256718
230374
120684
116683
273094
166484
190506
224565
319224
296894
319224
285436
148325
140974
219781
198914
340972
306378
243062
106517
269382
229800
256718
77083
383690
339542
133301
251043
84183
269382
185199
254972
306515
307112
283097
351332
242646
198914
333296
206680
228378
360409
323488
339542
289148
285436
222120
200866
256718
307112
276640
306378
329584
229295
243062
152717
182860
378844
80959
182860
328126
185199
302436
169093
198914
306515
264810
427106
200866
296894
307112
280518
163960
296894
355044
328126
140628
256062
307112
269382
269382
243601
234394
154395
140628
355044
296894
276640
245401
259022
100289
254972
246176
114344
276640
254174
271150
254972
246176
226662
243062
306378
226121
328126
269382
156049
140628
234394
264810
351332
140628
357096
273094
116808
254972
383690
154395
307112
269382
243062
177660
405438
264810
219781
246176
280518
230519
306303
273094
312948
41705
269382
329584
140628
127801
253006
254972
355044
189200
185923
323488
329584
310015
333296
273094
185199
235085
360409
427106
323488
140628
383690
166484
323488
114344
323488
166484
328780
295943
383690
132193
427106
329584
254972
172824
333296
114344
329584
211285
166484
254972
100289
184367
182860
177660
184367
323488
323488
189200
273094
226662
269382
246176
340972
246176
328126
283097
198914
206680
328780
319224
306378
152717
333815
323488
357096
166484
240619
201253
306303
154395
267149
307112
254972
296894
200866
261679
151334
323488
256718
176063
253006
224565
323488
204578
246176
360409
345156
198914
405438
182860
154395
256718
246176
181845
273094
172824
151334
253006
57139
280518
86522
182860
60202
246176
140628
177660
114034
168823
383690
63316
307112
253006
355044
48529
253006
328780
339542
201253
154395
128718
72718
280518
228378
405438
253006
224565
219781
138289
306378
243062
323488
156049
383690
284767
206014
116683
269382
383690
345156
219435
229800
246176
289148
254972
254972
205440
256718
267149
114344
378844
166484
140628
262230
283347
243062
264810
172824
64812
310015
111695
333296
246176
306515
58111
262230
